---------NEW-TRIAL----------
              disk0               disk4       cpu    load average
    KB/t  tps  MB/s     KB/t  tps  MB/s  us sy id   1m   5m   15m
   16.78  344  5.64     8.60    0  0.00  15  5 79  1.67 2.31 2.54
    5.88  800  4.59     0.00    0  0.00  24  6 70  1.67 2.31 2.54
   50.67    3  0.15     0.00    0  0.00  18  4 79  1.67 2.31 2.54
   25.56  777 19.39     0.00    0  0.00  29  7 64  1.67 2.31 2.54
   28.58 1325 36.97     0.00    0  0.00  50 11 40  1.67 2.31 2.54
   32.48 1213 38.48     0.00    0  0.00  47 11 43  1.86 2.34 2.55
   33.40 1273 41.52     0.00    0  0.00  42  9 48  1.86 2.34 2.55
   28.21 1211 33.36     0.00    0  0.00  41  9 49  1.86 2.34 2.55
   32.47 1763 55.89     0.00    0  0.00  49 10 42  1.86 2.34 2.55
   30.03 1299 38.09     0.00    0  0.00  52 11 37  1.86 2.34 2.55
   28.95 1150 32.52     0.00    0  0.00  44 10 46  2.19 2.40 2.57
   38.45 1147 43.07     0.00    0  0.00  44 11 44  2.19 2.40 2.57
   29.65 1146 33.19     0.00    0  0.00  47  9 44  2.19 2.40 2.57
   24.50 1580 37.79     0.00    0  0.00  48 12 39  2.19 2.40 2.57
   32.01 1123 35.10     0.00    0  0.00  44  9 47  2.19 2.40 2.57
   33.23 1274 41.35     0.00    0  0.00  47 14 39  2.82 2.53 2.61
   27.55 1669 44.91     0.00    0  0.00  41  6 52  2.82 2.53 2.61
   33.65 1262 41.47     0.00    0  0.00  42 11 47  2.82 2.53 2.61
   31.56 1257 38.73     0.00    0  0.00  40  8 52  2.82 2.53 2.61
   38.34 1292 48.37     0.00    0  0.00  41 10 49  2.82 2.53 2.61
              disk0               disk4       cpu    load average
    KB/t  tps  MB/s     KB/t  tps  MB/s  us sy id   1m   5m   15m
   23.46 1746 40.00     0.00    0  0.00  44 10 47  2.91 2.55 2.62
   33.65 1273 41.83     0.00    0  0.00  43  8 50  2.91 2.55 2.62
   34.01 1088 36.14     0.00    0  0.00  53 10 37  2.91 2.55 2.62
   31.78 1174 36.44     0.00    0  0.00  47 13 40  2.91 2.55 2.62
   24.58 1853 44.48     0.00    0  0.00  41 10 50  2.91 2.55 2.62
   33.65 1180 38.78     0.00    0  0.00  43  7 50  4.44 2.87 2.73
   38.34 1207 45.19     0.00    0  0.00  42  8 50  4.44 2.87 2.73
   29.86 1226 35.75     0.00    0  0.00  42 13 45  4.44 2.87 2.73
   19.73 2152 41.46     0.00    0  0.00  42 10 48  4.44 2.87 2.73
   40.39 1190 46.96     0.00    0  0.00  42  6 52  4.44 2.87 2.73
   38.29 1256 46.95     0.00    0  0.00  41  8 51  4.32 2.88 2.73
   26.14 1334 34.06     0.00    0  0.00  42 12 46  4.32 2.88 2.73
   23.93 1982 46.33     0.00    0  0.00  46  9 46  4.32 2.88 2.73
   29.00 1418 40.14     0.00    0  0.00  44  9 47  4.32 2.88 2.73
   31.71 1269 39.30     0.00    0  0.00  39  6 55  4.32 2.88 2.73
   27.17 2030 53.86     0.00    0  0.00  41  7 52  4.14 2.86 2.73
   36.13 1058 37.34     0.00    0  0.00  46  7 47  4.14 2.86 2.73
   32.64 1218 38.81     0.00    0  0.00  44 13 43  4.14 2.86 2.73
   24.15 2031 47.91     0.00    0  0.00  49 10 41  4.14 2.86 2.73
   27.02 1721 45.41     0.00    0  0.00  41  9 49  4.14 2.86 2.73
              disk0               disk4       cpu    load average
    KB/t  tps  MB/s     KB/t  tps  MB/s  us sy id   1m   5m   15m
   38.31 1273 47.61     0.00    0  0.00  39  6 55  4.21 2.90 2.74
   39.76 1202 46.66     0.00    0  0.00  40  6 54  4.21 2.90 2.74
   31.76 1256 38.95     0.00    0  0.00  42  8 49  4.21 2.90 2.74
   19.84 2083 40.35     0.00    0  0.00  43 13 44  4.21 2.90 2.74
   32.49 1124 35.68     0.00    0  0.00  49  8 43  4.19 2.91 2.75
   30.10 1316 38.67     0.00    0  0.00  42  9 49  4.19 2.91 2.75
   27.81 1361 36.95     0.00    0  0.00  47  8 45  4.19 2.91 2.75
   25.88 2052 51.87     0.00    0  0.00  38  7 55  4.19 2.91 2.75
   38.16 1274 47.49     0.00    0  0.00  39  5 56  4.19 2.91 2.75
   28.23 1369 37.75     0.00    0  0.00  41  8 51  4.17 2.93 2.75
   27.93 1828 49.86     0.00    0  0.00  44  8 48  4.17 2.93 2.75
   20.59 1550 31.18     0.00    0  0.00  43 13 44  4.17 2.93 2.75
   41.14  996 40.01     0.00    0  0.00  48  8 43  4.17 2.93 2.75
   24.21 1448 34.23     0.00    0  0.00  49  9 41  4.17 2.93 2.75
   34.10 1140 37.97     0.00    0  0.00  45 10 45  5.12 3.15 2.83
   18.90 2293 42.33     0.00    0  0.00  43  8 49  5.12 3.15 2.83
   30.76 1696 50.93     0.00    0  0.00  39  6 54  5.12 3.15 2.83
   37.70 1292 47.59     0.00    0  0.00  39  6 55  5.12 3.15 2.83
   21.40 2634 55.04     0.00    0  0.00  42  7 51  5.12 3.15 2.83
   14.57 2898 41.22     0.00    0  0.00  44 10 47  5.35 3.23 2.86
              disk0               disk4       cpu    load average
    KB/t  tps  MB/s     KB/t  tps  MB/s  us sy id   1m   5m   15m
   18.38 3092 55.49     0.00    0  0.00  43  8 49  5.35 3.23 2.86
   19.55 1870 35.69     0.00    0  0.00  44 15 41  5.35 3.23 2.86
   49.05 1461 70.00     0.00    0  0.00  52  6 43  5.35 3.23 2.86
   45.13 3180 140.13     0.00    0  0.00  50 10 40  5.35 3.23 2.86
   43.50 5387 228.86     0.00    0  0.00  58 13 29  5.32 3.26 2.87
   34.37 1070 35.92     0.00    0  0.00  50  9 41  5.32 3.26 2.87
   20.23 1666 32.92     0.00    0  0.00  43  9 48  5.32 3.26 2.87
   37.22 1301 47.28     0.00    0  0.00  38  6 56  5.32 3.26 2.87
   26.51 2392 61.93     0.00    0  0.00  42  6 52  5.32 3.26 2.87
   29.53 1749 50.44     0.00    0  0.00  38  6 56  5.14 3.25 2.88
   37.54 1276 46.77     0.00    0  0.00  39  6 54  5.14 3.25 2.88
   20.36 2309 45.91     0.00    0  0.00  44  8 48  5.14 3.25 2.88
   33.51 1146 37.51     0.00    0  0.00  43  8 49  5.14 3.25 2.88
   33.68 1148 37.77     0.00    0  0.00  41  7 52  5.14 3.25 2.88
   21.03 2272 46.66     0.00    0  0.00  43 18 38  5.13 3.28 2.89
   28.69 1014 28.41     0.00    0  0.00  52  6 42  5.13 3.28 2.89
   38.84  908 34.46     0.00    0  0.00  48  3 49  5.13 3.28 2.89
   24.05 1185 27.84     0.00    0  0.00  48 10 42  5.13 3.28 2.89
   31.21 1065 32.45     0.00    0  0.00  51  8 41  5.13 3.28 2.89
   24.37 1804 42.95     0.00    0  0.00  44  8 48  5.04 3.29 2.89
              disk0               disk4       cpu    load average
    KB/t  tps  MB/s     KB/t  tps  MB/s  us sy id   1m   5m   15m
   23.34 1621 36.94     0.00    0  0.00  44 11 45  5.04 3.29 2.89
   23.99 1453 34.05     0.00    0  0.00  44  7 49  5.04 3.29 2.89
   38.01 1281 47.53     0.00    0  0.00  42  6 52  5.04 3.29 2.89
   25.70 2086 52.35     0.00    0  0.00  38  6 56  5.04 3.29 2.89
   37.51 1290 47.25     0.00    0  0.00  38  6 56  4.87 3.29 2.89
   36.34 1350 47.90     0.00    0  0.00  41  6 53  4.87 3.29 2.89
   28.47 2214 61.56     0.00    0  0.00  39  7 55  4.87 3.29 2.89
   17.05 2308 38.42     0.00    0  0.00  41  8 51  4.87 3.29 2.89
   33.48 1165 38.09     0.00    0  0.00  44  7 49  4.87 3.29 2.89
   38.36 1231 46.10     0.00    0  0.00  42  8 50  4.80 3.30 2.90
   16.73 2436 39.81     0.00    0  0.00  42 21 37  4.80 3.30 2.90
   27.43 1080 28.93     0.00    0  0.00  56  8 37  4.80 3.30 2.90
   20.88 1496 30.50     0.00    0  0.00  49  4 46  4.80 3.30 2.90
   32.64 1156 36.85     0.00    0  0.00  48 11 40  4.80 3.30 2.90
   17.76 1867 32.39     0.00    0  0.00  47  4 49  4.74 3.31 2.91
   28.61 1193 33.34     0.00    0  0.00  48  8 44  4.74 3.31 2.91
   32.54 1098 34.88     0.00    0  0.00  48  7 45  4.74 3.31 2.91
   33.40 1179 38.46     0.00    0  0.00  45  9 46  4.74 3.31 2.91
   21.02 2628 53.94     0.00    0  0.00  43  9 48  4.74 3.31 2.91
   20.32 1817 36.06     0.00    0  0.00  39  7 54  4.60 3.31 2.91
              disk0               disk4       cpu    load average
    KB/t  tps  MB/s     KB/t  tps  MB/s  us sy id   1m   5m   15m
   35.36 1394 48.13     0.00    0  0.00  38  6 56  4.60 3.31 2.91
   33.88 1485 49.13     0.00    0  0.00  41  6 53  4.60 3.31 2.91
   24.36 2152 51.20     0.00    0  0.00  43  6 51  4.60 3.31 2.91
   32.07 1565 49.00     0.00    0  0.00  38  6 56  4.60 3.31 2.91
   29.26 1372 39.22     0.00    0  0.00  43  6 51  4.55 3.32 2.91
   23.55 2269 52.18     0.00    0  0.00  40  7 53  4.55 3.32 2.91
   19.00 3121 57.91     0.00    0  0.00  46  9 45  4.55 3.32 2.91
   23.25 1537 34.88     0.00    0  0.00  45  8 47  4.55 3.32 2.91
   22.37 1989 43.47     0.00    0  0.00  42  8 50  4.55 3.32 2.91
   31.17 1281 39.00     0.00    0  0.00  43  8 50  4.67 3.36 2.93
   22.04 1893 40.74     0.00    0  0.00  45 11 43  4.67 3.36 2.93
   25.53 1902 47.41     0.00    0  0.00  41 15 43  4.67 3.36 2.93
   13.68 1476 19.71     0.00    0  0.00  47 14 39  4.67 3.36 2.93
   38.81  930 35.25     0.00    0  0.00  48  4 48  4.67 3.36 2.93
   22.43 1796 39.34     0.00    0  0.00  47  3 49  4.53 3.36 2.93
   38.70 1031 38.97     0.00    0  0.00  48  8 44  4.53 3.36 2.93
   20.34 1188 23.60     0.00    0  0.00  55 13 32  4.53 3.36 2.93
   22.11 1819 39.29     0.00    0  0.00  51  5 44  4.53 3.36 2.93
   24.00 1211 28.39     0.00    0  0.00  55 12 33  4.53 3.36 2.93
   24.99 1728 42.16     0.00    0  0.00  51  6 43  4.65 3.40 2.95
              disk0               disk4       cpu    load average
    KB/t  tps  MB/s     KB/t  tps  MB/s  us sy id   1m   5m   15m
   29.80 1182 34.40     0.00    0  0.00  50 11 39  4.65 3.40 2.95
   29.08 1150 32.66     0.00    0  0.00  50 13 38  4.65 3.40 2.95
   18.73 1985 36.31     0.00    0  0.00  46 11 43  4.65 3.40 2.95
   17.14 2240 37.50     0.00    0  0.00  46  8 46  4.65 3.40 2.95
   37.32 1559 56.82     0.00    0  0.00  38  6 56  4.60 3.41 2.96
   28.87 1757 49.53     0.00    0  0.00  38  6 56  4.60 3.41 2.96
   15.38 3281 49.26     0.00    0  0.00  40  6 54  4.60 3.41 2.96
   29.82 1966 57.25     0.00    0  0.00  38  6 55  4.60 3.41 2.96
   26.14 2322 59.29     0.00    0  0.00  38  6 56  4.60 3.41 2.96
   21.22 2102 43.56     0.00    0  0.00  40  6 53  4.47 3.40 2.96
   31.75 1866 57.86     0.00    0  0.00  43  7 50  4.47 3.40 2.96
   18.86 2491 45.87     0.00    0  0.00  41  8 51  4.47 3.40 2.96
   13.12 4060 52.04     0.00    0  0.00  45  8 46  4.47 3.40 2.96
   16.02 2684 42.00     0.00    0  0.00  44  9 47  4.47 3.40 2.96
   17.96 2306 40.44     0.00    0  0.00  41  8 50  4.51 3.43 2.97
   28.53 1482 41.30     0.00    0  0.00  41  7 52  4.51 3.43 2.97
   22.44 1958 42.92     0.00    0  0.00  43  7 50  4.51 3.43 2.97
   40.87  873 34.83     0.00    0  0.00  48 11 42  4.51 3.43 2.97
   24.08 1838 43.22     0.00    0  0.00  41  8 51  4.51 3.43 2.97
   27.60 1944 52.40     0.00    0  0.00  39  6 55  4.31 3.40 2.96
              disk0               disk4       cpu    load average
    KB/t  tps  MB/s     KB/t  tps  MB/s  us sy id   1m   5m   15m
   15.38 2469 37.09     0.00    0  0.00  46 26 27  4.31 3.40 2.96
   23.49 1522 34.91     0.00    0  0.00  48  6 46  4.31 3.40 2.96
   18.60 1766 32.09     0.00    0  0.00  48  4 49  4.31 3.40 2.96
   37.69  961 35.37     0.00    0  0.00  48  4 48  4.31 3.40 2.96
   37.18  975 35.42     0.00    0  0.00  48  4 48  4.29 3.41 2.97
   21.10 1893 39.00     0.00    0  0.00  48 12 40  4.29 3.41 2.97
   14.35 2243 31.44     0.00    0  0.00  50 11 40  4.29 3.41 2.97
   36.83 1319 47.42     0.00    0  0.00  40  7 53  4.29 3.41 2.97
   21.17 2211 45.73     0.00    0  0.00  43 15 42  4.29 3.41 2.97
   20.85 1714 34.89     0.00    0  0.00  49  6 45  4.50 3.47 2.99
   30.79 1276 38.36     0.00    0  0.00  46 11 43  4.50 3.47 2.99
   22.68 1871 41.44     0.00    0  0.00  49  9 43  4.50 3.47 2.99
   25.90 1136 28.73     0.00    0  0.00  46  8 47  4.50 3.47 2.99
   25.07 1769 43.30     0.00    0  0.00  45 12 43  4.50 3.47 2.99
   22.89 1632 36.49     0.00    0  0.00  40  7 53  4.38 3.47 2.99
   24.25 2201 52.13     0.00    0  0.00  39  6 55  4.38 3.47 2.99
  140.60  591 81.09     0.00    0  0.00  16  3 82  4.38 3.47 2.99
   57.09 1731 96.53     0.00    0  0.00  14  4 82  4.38 3.47 2.99
  198.13  232 44.89     0.00    0  0.00  18  2 79  4.38 3.47 2.99
   81.48 1054 83.83     0.00    0  0.00  19  6 74  4.35 3.47 3.00
              disk0               disk4       cpu    load average
    KB/t  tps  MB/s     KB/t  tps  MB/s  us sy id   1m   5m   15m
   45.63 2032 90.54     0.00    0  0.00  16  5 80  4.35 3.47 3.00
