---------NEW-TRIAL----------
              disk0               disk4       cpu    load average
    KB/t  tps  MB/s     KB/t  tps  MB/s  us sy id   1m   5m   15m
   16.71  344  5.61     8.60    0  0.00  15  5 80  2.52 1.87 2.25
   16.36   11  0.18     0.00    0  0.00  16  4 80  2.52 1.87 2.25
   39.00    4  0.15     0.00    0  0.00  16  3 81  2.48 1.87 2.25
   25.96  985 24.97     0.00    0  0.00  33  7 61  2.48 1.87 2.25
   30.89 1318 39.75     0.00    0  0.00  45 10 46  2.48 1.87 2.25
   25.44 1433 35.61     0.00    0  0.00  47 11 42  2.48 1.87 2.25
   28.55 1312 36.56     0.00    0  0.00  42 10 48  2.48 1.87 2.25
   28.31 1633 45.15     0.00    0  0.00  40 10 51  2.68 1.92 2.26
   35.11 1357 46.52     0.00    0  0.00  45  9 46  2.68 1.92 2.26
   30.42 1346 39.99     0.00    0  0.00  41 10 49  2.68 1.92 2.26
   31.92 1332 41.53     0.00    0  0.00  43 10 47  2.68 1.92 2.26
   20.24 1632 32.25     0.00    0  0.00  48  9 43  2.68 1.92 2.26
   23.74 1907 44.21     0.00    0  0.00  45 11 44  2.78 1.95 2.27
   35.70 1194 41.64     0.00    0  0.00  45 11 43  2.78 1.95 2.27
   26.53 1401 36.29     0.00    0  0.00  45 10 45  2.78 1.95 2.27
   32.91 1143 36.75     0.00    0  0.00  45 11 44  2.78 1.95 2.27
   30.43 1270 37.73     0.00    0  0.00  47 10 43  2.78 1.95 2.27
   31.44 1854 56.94     0.00    0  0.00  44 11 45  3.04 2.02 2.30
   28.25 1224 33.76     0.00    0  0.00  45 10 45  3.04 2.02 2.30
   39.84  957 37.21     0.00    0  0.00  47  9 44  3.04 2.02 2.30
              disk0               disk4       cpu    load average
    KB/t  tps  MB/s     KB/t  tps  MB/s  us sy id   1m   5m   15m
   32.27 1221 38.48     0.00    0  0.00  42  9 49  3.04 2.02 2.30
   23.60 1785 41.13     0.00    0  0.00  49 13 38  3.04 2.02 2.30
   35.34 1069 36.88     0.00    0  0.00  46  9 45  3.04 2.04 2.30
   34.32 1181 39.58     0.00    0  0.00  46  9 45  3.04 2.04 2.30
   33.04 1241 40.03     0.00    0  0.00  43 12 45  3.04 2.04 2.30
   20.70 1759 35.55     0.00    0  0.00  44 10 46  3.04 2.04 2.30
   32.99 1177 37.92     0.00    0  0.00  42  8 50  3.04 2.04 2.30
   25.67 1589 39.82     0.00    0  0.00  47  9 45  3.11 2.07 2.31
   33.00 1143 36.85     0.00    0  0.00  45 11 44  3.11 2.07 2.31
   36.24 1109 39.27     0.00    0  0.00  52 13 35  3.11 2.07 2.31
   29.69 1157 33.54     0.00    0  0.00  47  9 43  3.11 2.07 2.31
   36.60 1027 36.71     0.00    0  0.00  45  8 47  3.11 2.07 2.31
   24.86 1868 45.36     0.00    0  0.00  46  9 45  3.34 2.13 2.33
   30.26 1165 34.42     0.00    0  0.00  42 11 47  3.34 2.13 2.33
   36.21 1197 42.32     0.00    0  0.00  45  9 46  3.34 2.13 2.33
   28.16 1482 40.77     0.00    0  0.00  46  9 45  3.34 2.13 2.33
   23.65 1890 43.65     0.00    0  0.00  38  6 55  3.34 2.13 2.33
   15.22 3180 47.26     0.00    0  0.00  43  8 49  3.32 2.15 2.33
   25.32 1917 47.39     0.00    0  0.00  46  9 45  3.32 2.15 2.33
   22.47 1689 37.06     0.00    0  0.00  40 12 48  3.32 2.15 2.33
              disk0               disk4       cpu    load average
    KB/t  tps  MB/s     KB/t  tps  MB/s  us sy id   1m   5m   15m
   30.66 1241 37.17     0.00    0  0.00  46  9 45  3.32 2.15 2.33
   21.18 1953 40.38     0.00    0  0.00  50 11 39  3.32 2.15 2.33
   24.19 1273 30.06     0.00    0  0.00  48 11 42  3.29 2.16 2.34
   35.93 1049 36.79     0.00    0  0.00  47  8 45  3.29 2.16 2.34
   36.78 1010 36.26     0.00    0  0.00  45  9 46  3.29 2.16 2.34
   36.52 1022 36.44     0.00    0  0.00  47  9 45  3.29 2.16 2.34
   23.18 3028 68.53     0.00    0  0.00  41  8 51  3.29 2.16 2.34
   42.10 1186 48.76     0.00    0  0.00  39 10 51  3.67 2.26 2.37
   27.85 1116 30.36     0.00    0  0.00  49  9 41  3.67 2.26 2.37
   30.94 1087 32.86     0.00    0  0.00  47 11 42  3.67 2.26 2.37
   33.32 1172 38.14     0.00    0  0.00  48 12 41  3.67 2.26 2.37
   15.29 2052 30.64     0.00    0  0.00  44 10 47  3.67 2.26 2.37
   38.29 1296 48.46     0.00    0  0.00  38  6 56  3.77 2.30 2.39
   36.70 1329 47.65     0.00    0  0.00  41  6 53  3.77 2.30 2.39
   38.45 1247 46.81     0.00    0  0.00  41  7 52  3.77 2.30 2.39
   21.32 2222 46.24     0.00    0  0.00  44  8 48  3.77 2.30 2.39
   36.48 1223 43.57     0.00    0  0.00  44  8 49  3.77 2.30 2.39
   17.92 1956 34.23     0.00    0  0.00  45 15 40  3.95 2.37 2.41
   38.37  959 35.95     0.00    0  0.00  46  4 49  3.95 2.37 2.41
   32.80 1306 41.82     0.00    0  0.00  44 10 46  3.95 2.37 2.41
              disk0               disk4       cpu    load average
    KB/t  tps  MB/s     KB/t  tps  MB/s  us sy id   1m   5m   15m
   28.26 1107 30.56     0.00    0  0.00  49  9 42  3.95 2.37 2.41
   18.82 2143 39.37     0.00    0  0.00  43 10 47  3.95 2.37 2.41
   38.05 1314 48.84     0.00    0  0.00  40  6 53  3.88 2.38 2.41
   31.43 1278 39.21     0.00    0  0.00  42  6 52  3.88 2.38 2.41
   35.51 1374 47.64     0.00    0  0.00  40  6 54  3.88 2.38 2.41
   35.18 1064 36.54     0.00    0  0.00  51 10 39  3.88 2.38 2.41
   18.67 2352 42.89     0.00    0  0.00  52 11 37  3.88 2.38 2.41
   29.56 1724 49.77     0.00    0  0.00  45  9 45  4.05 2.44 2.43
   30.32 1047 31.01     0.00    0  0.00  46 10 43  4.05 2.44 2.43
   22.00 2049 44.03     0.00    0  0.00  54 20 26  4.05 2.44 2.43
   11.41 3510 39.10     0.00    0  0.00  51  7 42  4.05 2.44 2.43
   35.03 1148 39.28     0.00    0  0.00  59 12 28  4.05 2.44 2.43
   29.83 1010 29.41     0.00    0  0.00  63  9 28  4.12 2.48 2.45
   25.58 1297 32.39     0.00    0  0.00  58 12 30  4.12 2.48 2.45
   26.60 1280 33.26     0.00    0  0.00  57 15 28  4.12 2.48 2.45
   20.91 2182 44.54     0.00    0  0.00  46 13 40  4.12 2.48 2.45
   23.55 2200 50.60     0.00    0  0.00  44  7 48  4.12 2.48 2.45
   38.64 1283 48.40     0.00    0  0.00  40  6 54  4.19 2.52 2.46
   33.61 1174 38.55     0.00    0  0.00  43  7 49  4.19 2.52 2.46
   24.83 1751 42.46     0.00    0  0.00  54 10 36  4.19 2.52 2.46
              disk0               disk4       cpu    load average
    KB/t  tps  MB/s     KB/t  tps  MB/s  us sy id   1m   5m   15m
   42.24  831 34.28     0.00    0  0.00  61 13 26  4.19 2.52 2.46
   28.52 1034 28.81     0.00    0  0.00  53 10 37  4.19 2.52 2.46
   30.49 1257 37.42     0.00    0  0.00  47 10 43  4.42 2.59 2.49
   21.37 2822 58.89     0.00    0  0.00  52 14 35  4.42 2.59 2.49
   33.75 1414 46.59     0.00    0  0.00  54 12 34  4.42 2.59 2.49
   21.22 1984 41.10     0.00    0  0.00  51  9 40  4.42 2.59 2.49
   35.11 1364 46.76     0.00    0  0.00  52  9 40  4.42 2.59 2.49
   14.35 2533 35.49     0.00    0  0.00  49 20 31  5.42 2.83 2.57
   38.57  948 35.72     0.00    0  0.00  55  7 38  5.42 2.83 2.57
   41.50  853 34.56     0.00    0  0.00  55  7 38  5.42 2.83 2.57
   26.36 1269 32.67     0.00    0  0.00  55 14 32  5.42 2.83 2.57
   23.65 1903 43.96     0.00    0  0.00  53  8 39  5.42 2.83 2.57
   43.99 1220 52.41     0.00    0  0.00  56 12 32  5.95 2.98 2.63
   27.54 1762 47.41     0.00    0  0.00  56 12 32  5.95 2.98 2.63
   29.81 1194 34.75     0.00    0  0.00  46 12 42  5.95 2.98 2.63
   13.97 1880 25.66     0.00    0  0.00  47 10 43  5.95 2.98 2.63
   37.89 1278 47.28     0.00    0  0.00  44  9 47  5.95 2.98 2.63
   35.89 1334 46.75     0.00    0  0.00  43  8 49  5.95 3.03 2.65
   22.95 1823 40.86     0.00    0  0.00  48  9 43  5.95 3.03 2.65
   33.33 1159 37.73     0.00    0  0.00  46  9 45  5.95 3.03 2.65
              disk0               disk4       cpu    load average
    KB/t  tps  MB/s     KB/t  tps  MB/s  us sy id   1m   5m   15m
   36.39 1033 36.70     0.00    0  0.00  52  9 38  5.95 3.03 2.65
   21.82 2055 43.77     0.00    0  0.00  45  9 47  5.95 3.03 2.65
   34.33 1100 36.88     0.00    0  0.00  51  9 40  5.88 3.07 2.66
   25.15 1591 39.08     0.00    0  0.00  46 10 44  5.88 3.07 2.66
   18.40 2743 49.28     0.00    0  0.00  45 10 45  5.88 3.07 2.66
   35.22 1387 47.72     0.00    0  0.00  43  9 48  5.88 3.07 2.66
   26.57 2242 58.18     0.00    0  0.00  44  9 47  5.88 3.07 2.66
   33.36 1198 39.03     0.00    0  0.00  43  8 49  5.57 3.05 2.66
   40.36 1208 47.62     0.00    0  0.00  43 14 42  5.57 3.05 2.66
   10.27 2382 23.88     0.00    0  0.00  56 17 27  5.57 3.05 2.66
   37.62  969 35.58     0.00    0  0.00  51  6 42  5.57 3.05 2.66
   39.01  914 34.80     0.00    0  0.00  50  4 45  5.44 3.06 2.66
   23.53 1663 38.22     0.00    0  0.00  50 10 40  5.44 3.06 2.66
   25.36 1315 32.57     0.00    0  0.00  51 10 39  5.44 3.06 2.66
   28.99  997 28.24     0.00    0  0.00  51  7 43  5.44 3.06 2.66
   21.51 1842 38.70     0.00    0  0.00  50 13 37  5.44 3.06 2.66
   31.67 1095 33.88     0.00    0  0.00  56  9 35  5.33 3.08 2.67
   25.93 1238 31.35     0.00    0  0.00  50  9 41  5.33 3.08 2.67
   27.21 1663 44.20     0.00    0  0.00  50 11 38  5.33 3.08 2.67
   13.54 1799 23.78     0.00    0  0.00  49 11 39  5.33 3.08 2.67
              disk0               disk4       cpu    load average
    KB/t  tps  MB/s     KB/t  tps  MB/s  us sy id   1m   5m   15m
   24.56 1675 40.17     0.00    0  0.00  45  8 46  5.33 3.08 2.67
   34.60 1381 46.66     0.00    0  0.00  48  8 45  5.30 3.11 2.69
   28.24 1470 40.55     0.00    0  0.00  46  8 46  5.30 3.11 2.69
   30.86 1254 37.81     0.00    0  0.00  53  8 39  5.30 3.11 2.69
   20.51 2129 42.65     0.00    0  0.00  48  7 44  5.30 3.11 2.69
   32.55 1506 47.88     0.00    0  0.00  50  9 41  5.30 3.11 2.69
   30.41 1271 37.74     0.00    0  0.00  49  9 41  5.35 3.16 2.70
   29.07  964 27.36     0.00    0  0.00  57 11 32  5.35 3.16 2.70
   19.67 2265 43.52     0.00    0  0.00  51 11 38  5.35 3.16 2.70
   32.60 1494 47.57     0.00    0  0.00  54 11 35  5.35 3.16 2.70
   27.74 1049 28.42     0.00    0  0.00  53 11 36  5.35 3.16 2.70
   18.04 2611 46.01     0.00    0  0.00  49 13 38  6.53 3.44 2.81
   13.51 2655 35.03     0.00    0  0.00  47 10 43  6.53 3.44 2.81
   29.15 1419 40.41     0.00    0  0.00  51  9 40  6.53 3.44 2.81
   32.49 1169 37.09     0.00    0  0.00  50  8 42  6.53 3.44 2.81
   24.28 2197 52.10     0.00    0  0.00  45  8 46  6.53 3.44 2.81
   26.72 2220 57.91     0.00    0  0.00  45  9 46  6.73 3.53 2.84
   40.53 1312 51.92     0.00    0  0.00  47 14 39  6.73 3.53 2.84
   10.72 2622 27.44     0.00    0  0.00  52 22 26  6.73 3.53 2.84
   30.27  934 27.62     0.00    0  0.00  52  5 43  6.73 3.53 2.84
              disk0               disk4       cpu    load average
    KB/t  tps  MB/s     KB/t  tps  MB/s  us sy id   1m   5m   15m
   39.36  909 34.94     0.00    0  0.00  52  6 42  6.73 3.53 2.84
   32.41  963 30.47     0.00    0  0.00  56  7 37  6.67 3.57 2.86
   20.19 1830 36.08     0.00    0  0.00  58  7 35  6.67 3.57 2.86
   23.79 1442 33.51     0.00    0  0.00  56 19 25  6.67 3.57 2.86
   18.41 1801 32.39     0.00    0  0.00  56  7 38  6.67 3.57 2.86
   35.75 1035 36.14     0.00    0  0.00  55  7 38  6.67 3.57 2.86
   27.82 1281 34.81     0.00    0  0.00  55 16 29  6.61 3.61 2.88
   19.13 1657 30.97     0.00    0  0.00  60  8 33  6.61 3.61 2.88
   27.51 1432 38.46     0.00    0  0.00  48 13 40  6.61 3.61 2.88
   29.70  954 27.66     0.00    0  0.00  55  8 37  6.61 3.61 2.88
   25.16 1545 37.97     0.00    0  0.00  53 14 34  6.61 3.61 2.88
   28.63 1375 38.44     0.00    0  0.00  52 12 36  6.48 3.63 2.89
   10.83 2598 27.47     0.00    0  0.00  54 11 35  6.48 3.63 2.89
   29.12 1394 39.63     0.00    0  0.00  48  9 42  6.48 3.63 2.89
   21.24 2029 42.08     0.00    0  0.00  46  9 44  6.48 3.63 2.89
   28.41 1378 38.23     0.00    0  0.00  50  9 41  6.48 3.63 2.89
   20.07 2070 40.57     0.00    0  0.00  57 10 34  6.28 3.64 2.90
   28.43 1395 38.72     0.00    0  0.00  46  9 45  6.28 3.64 2.90
   32.68 1481 47.26     0.00    0  0.00  48  8 44  6.28 3.64 2.90
   21.71 2091 44.34     0.00    0  0.00  47  9 45  6.28 3.64 2.90
              disk0               disk4       cpu    load average
    KB/t  tps  MB/s     KB/t  tps  MB/s  us sy id   1m   5m   15m
   28.54 1017 28.35     0.00    0  0.00  61 10 30  6.28 3.64 2.90
   32.57 1149 36.53     0.00    0  0.00  53 10 37  6.26 3.68 2.91
   20.04 2543 49.77     0.00    0  0.00  49 11 40  6.26 3.68 2.91
   31.12 1217 36.99     0.00    0  0.00  53 10 38  6.26 3.68 2.91
   26.53 1109 28.74     0.00    0  0.00  51 10 38  6.26 3.68 2.91
   28.02 1414 38.69     0.00    0  0.00  49  9 42  6.26 3.68 2.91
   20.73 2669 54.02     0.00    0  0.00  59 13 28  7.44 3.97 3.02
   29.66 2806 81.27     0.00    0  0.00  22  7 71  7.44 3.97 3.02
   16.20  712 11.26     0.00    0  0.00  23  5 73  7.44 3.97 3.02
  117.46  640 73.37     0.00    0  0.00  22  6 72  7.44 3.97 3.02
  118.29  705 81.41     0.00    0  0.00  20  6 74  7.44 3.97 3.02
   16.21 1164 18.42     0.00    0  0.00  30 26 44  7.01 3.93 3.01
   28.24  771 21.27     0.00    0  0.00  34  8 58  7.01 3.93 3.01
  340.41  244 81.15     0.00    0  0.00  31  5 63  7.01 3.93 3.01
  241.83  264 62.33     0.00    0  0.00  36  5 59  7.01 3.93 3.01
  281.22  327 89.76     0.00    0  0.00  38  6 57  7.01 3.93 3.01
   37.33  774 28.22     0.00    0  0.00  34  6 61  7.01 3.98 3.04
  181.30  408 72.25     0.00    0  0.00  33  6 62  7.01 3.98 3.04
   78.02 1001 76.30     0.00    0  0.00  39  5 56  7.01 3.98 3.04
  140.66  601 82.58     0.00    0  0.00  33  6 61  7.01 3.98 3.04
              disk0               disk4       cpu    load average
    KB/t  tps  MB/s     KB/t  tps  MB/s  us sy id   1m   5m   15m
  108.86  236 25.10     0.00    0  0.00  29  7 64  7.01 3.98 3.04
   88.32  983 84.82     0.00    0  0.00  28  9 63  6.52 3.93 3.02
   38.89 2124 80.67     0.00    0  0.00  29  8 63  6.52 3.93 3.02
  103.13  660 66.46     0.00    0  0.00  27  7 66  6.52 3.93 3.02
   75.14  487 35.73     0.00    0  0.00  27  8 65  6.52 3.93 3.02
  104.09  731 74.34     0.00    0  0.00  27  6 67  6.52 3.93 3.02
   51.63 1736 87.51     0.00    0  0.00  18  4 78  6.08 3.89 3.01
   61.31  909 54.43     0.00    0  0.00  18  7 76  6.08 3.89 3.01
   88.48  478 41.27     0.00    0  0.00  18  5 78  6.08 3.89 3.01
   64.39 1289 81.02     0.00    0  0.00  14  3 82  6.08 3.89 3.01
   58.22 1460 83.01     0.00    0  0.00  14  3 82  6.08 3.89 3.01
   78.93  535 41.27     0.00    0  0.00  16  5 79  5.75 3.85 3.01
  107.29  549 57.48     0.00    0  0.00  15  3 82  5.75 3.85 3.01
   51.28 1700 85.16     0.00    0  0.00  14  3 83  5.75 3.85 3.01
   56.78 1541 85.44     0.00    0  0.00  14  3 83  5.75 3.85 3.01
   76.48  383 28.64     0.00    0  0.00  15  4 82  5.75 3.85 3.01
   42.11 2160 88.81     0.00    0  0.00  15  4 81  5.37 3.81 2.99
   84.46 1082 89.21     0.00    0  0.00  19  5 76  5.37 3.81 2.99
   49.79 1971 95.81     0.00    0  0.00  31  5 64  5.37 3.81 2.99
   85.25  609 50.72     0.00    0  0.00  21  4 75  5.37 3.81 2.99
              disk0               disk4       cpu    load average
    KB/t  tps  MB/s     KB/t  tps  MB/s  us sy id   1m   5m   15m
   56.49 1361 75.08     0.00    0  0.00  14  4 82  5.37 3.81 2.99
   25.38  699 17.32     0.00    0  0.00   6  4 91  4.94 3.74 2.98
