---------NEW-TRIAL----------
              disk0               disk4       cpu    load average
    KB/t  tps  MB/s     KB/t  tps  MB/s  us sy id   1m   5m   15m
   16.93  348  5.75     8.60    0  0.00  15  5 79  2.34 4.00 4.05
    7.08  916  6.33     0.00    0  0.00  19  6 76  2.47 4.00 4.05
   16.00   16  0.25     0.00    0  0.00  22  5 73  2.47 4.00 4.05
  129.98  347 44.10     0.00    0  0.00  26  6 67  2.47 4.00 4.05
   27.20 1846 49.02     0.00    0  0.00  22  5 73  2.47 4.00 4.05
  144.02  232 32.61     0.00    0  0.00  20  5 75  2.47 4.00 4.05
  179.74  187 32.88     0.00    0  0.00  17  4 79  2.51 3.99 4.05
  151.20  219 32.37     0.00    0  0.00  23  6 71  2.51 3.99 4.05
  163.32  301 47.93     0.00    0  0.00  19  4 76  2.51 3.99 4.05
  142.07  148 20.59     0.00    0  0.00  21  7 72  2.51 3.99 4.05
  120.64  440 51.86     0.00    0  0.00  28  6 66  2.51 3.99 4.05
   57.86  311 17.55     0.00    0  0.00  23  5 72  2.39 3.94 4.03
  131.28  411 52.76     0.00    0  0.00  25  6 69  2.39 3.94 4.03
  173.86  188 31.92     0.00    0  0.00  18  3 79  2.39 3.94 4.03
  125.87  331 40.70     0.00    0  0.00  15  2 83  2.39 3.94 4.03
  169.24  193 31.93     0.00    0  0.00  14  2 84  2.39 3.94 4.03
  165.16  188 30.34     0.00    0  0.00  14  2 84  2.28 3.89 4.01
  229.23  266 59.56     0.00    0  0.00  13  2 84  2.28 3.89 4.01
  290.02  113 31.91     0.00    0  0.00  14  1 85  2.28 3.89 4.01
  275.50  118 31.87     0.00    0  0.00  14  1 85  2.28 3.89 4.01
              disk0               disk4       cpu    load average
    KB/t  tps  MB/s     KB/t  tps  MB/s  us sy id   1m   5m   15m
  267.15  184 47.96     0.00    0  0.00  14  2 84  2.28 3.89 4.01
  252.22  130 31.92     0.00    0  0.00  14  1 85  2.18 3.84 3.99
  122.54  273 32.63     0.00    0  0.00  13  1 85  2.18 3.84 3.99
  174.70  239 40.81     0.00    0  0.00  14  2 84  2.18 3.84 3.99
   91.09  391 34.75     0.00    0  0.00  14  2 84  2.18 3.84 3.99
  285.38   81 22.51     0.00    0  0.00  13  1 85  2.18 3.84 3.99
    6.14   43  0.26     0.00    0  0.00  14  1 85  2.24 3.83 3.99
   20.00    4  0.08     0.00    0  0.00  14  1 85  2.24 3.83 3.99
    0.00    0  0.00     0.00    0  0.00  14  1 85  2.24 3.83 3.99
   13.83  133  1.79     0.00    0  0.00  14  2 85  2.24 3.83 3.99
  238.25  263 61.11     0.00    0  0.00  14  2 85  2.24 3.83 3.99
  245.91  133 32.04     0.00    0  0.00  13  1 85  2.14 3.78 3.97
  193.47  170 32.19     0.00    0  0.00  14  2 85  2.14 3.78 3.97
  246.02  199 47.85     0.00    0  0.00  13  2 85  2.14 3.78 3.97
  242.76  134 31.87     0.00    0  0.00  13  1 86  2.14 3.78 3.97
  230.90  141 31.89     0.00    0  0.00  14  2 85  2.14 3.78 3.97
  196.73  207 39.80     0.00    0  0.00  14  1 85  2.05 3.73 3.95
  144.96  282 39.90     0.00    0  0.00  14  1 85  2.05 3.73 3.95
  146.50  335 47.87     0.00    0  0.00  14  2 85  2.05 3.73 3.95
  182.09  179 31.88     0.00    0  0.00  13  2 85  2.05 3.73 3.95
              disk0               disk4       cpu    load average
    KB/t  tps  MB/s     KB/t  tps  MB/s  us sy id   1m   5m   15m
  166.38  196 31.88     0.00    0  0.00  14  2 85  2.05 3.73 3.95
  170.69  191 31.87     0.00    0  0.00  13  2 85  2.53 3.80 3.97
  228.00  198 44.13     0.00    0  0.00  14  3 83  2.53 3.80 3.97
  278.41  111 30.06     0.00    0  0.00  13  1 85  2.53 3.80 3.97
  223.07  141 30.81     0.00    0  0.00  13  2 85  2.53 3.80 3.97
  294.84  179 51.61     0.00    0  0.00  13  2 85  2.53 3.80 3.97
  230.99  126 28.52     0.00    0  0.00  14  2 84  2.48 3.77 3.96
  283.50  158 43.86     0.00    0  0.00  14  2 85  2.48 3.77 3.96
  282.52  116 31.99     0.00    0  0.00  14  1 85  2.48 3.77 3.96
  224.39  222 48.73     0.00    0  0.00  15  2 83  2.48 3.77 3.96
   67.24  508 33.39     0.00    0  0.00  23  6 71  2.48 3.77 3.96
   41.92 1393 57.05     0.00    0  0.00  30  8 62  2.61 3.78 3.96
  100.32  333 32.61     0.00    0  0.00  20  4 76  2.61 3.78 3.96
   93.78  550 50.35     0.00    0  0.00  25  6 69  2.61 3.78 3.96
   79.68  442 34.40     0.00    0  0.00  26  5 68  2.61 3.78 3.96
  117.13  285 32.58     0.00    0  0.00  26  6 68  2.61 3.78 3.96
  117.48  261 29.93     0.00    0  0.00  29  6 65  2.48 3.73 3.94
   97.13   92  8.69     0.00    0  0.00  22  7 71  2.48 3.73 3.94
