---------NEW-TRIAL----------
              disk0               disk4       cpu    load average
    KB/t  tps  MB/s     KB/t  tps  MB/s  us sy id   1m   5m   15m
   16.71  344  5.61     8.60    0  0.00  15  5 79  1.58 2.21 2.88
    5.73  876  4.90     0.00    0  0.00  18  5 77  1.69 2.22 2.88
    8.39  103  0.84     0.00    0  0.00  26  5 69  1.69 2.22 2.88
   20.59  837 16.83     0.00    0  0.00  30  7 62  1.69 2.22 2.88
   28.45 1356 37.66     0.00    0  0.00  38  9 53  1.69 2.22 2.88
   23.12 1626 36.70     0.00    0  0.00  37 11 52  1.69 2.22 2.88
   25.71 1582 39.73     0.00    0  0.00  44  7 49  1.79 2.24 2.88
   21.66 2211 46.76     0.00    0  0.00  46 12 42  1.79 2.24 2.88
   20.24 1622 32.07     0.00    0  0.00  43 11 47  1.79 2.24 2.88
   26.99 1547 40.78     0.00    0  0.00  40  7 53  1.79 2.24 2.88
   31.20 1223 37.26     0.00    0  0.00  46  9 45  1.79 2.24 2.88
   30.36 1389 41.19     0.00    0  0.00  43 12 44  1.97 2.26 2.88
   21.59 1996 42.09     0.00    0  0.00  44 11 44  1.97 2.26 2.88
   21.55 1660 34.94     0.00    0  0.00  38  8 54  1.97 2.26 2.88
   27.41 1476 39.50     0.00    0  0.00  45  8 47  1.97 2.26 2.88
   33.81 1414 46.68     0.00    0  0.00  44 10 46  1.97 2.26 2.88
   34.36 1107 37.13     0.00    0  0.00  44  9 47  2.61 2.39 2.93
   26.34 1145 29.46     0.00    0  0.00  48 12 40  2.61 2.39 2.93
