---------NEW-TRIAL----------
              disk0               disk4       cpu    load average
    KB/t  tps  MB/s     KB/t  tps  MB/s  us sy id   1m   5m   15m
   14.63  219  3.12     8.59    0  0.00  14  5 81  4.61 6.89 5.49
   81.07  808 63.94     0.00    0  0.00  24  7 69  4.61 6.89 5.49
   61.21 3068 183.39     0.00    0  0.00  25  7 68  4.61 6.89 5.49
   22.43 1626 35.61     0.00    0  0.00  24  5 71  4.40 6.80 5.47
   16.98   41  0.68     0.00    0  0.00  27  3 69  4.40 6.80 5.47
   20.17  337  6.64    16.00    1  0.02  24  4 73  4.40 6.80 5.47
---------NEW-TRIAL----------
              disk0               disk4       cpu    load average
    KB/t  tps  MB/s     KB/t  tps  MB/s  us sy id   1m   5m   15m
   14.57  221  3.14     8.60    0  0.00  14  5 81  8.55 8.13 6.24
    4.38 8059 34.48     0.00    0  0.00  19 11 71  8.55 8.13 6.24
    4.03 7414 29.18     0.00    0  0.00  23 13 64  8.18 8.06 6.23
    4.06 4552 18.04     0.00    0  0.00  27 16 57  8.18 8.06 6.23
    6.48 8718 55.14     0.00    0  0.00  40 18 42  8.18 8.06 6.23
    8.55 8799 73.47     0.00    0  0.00  41 18 42  8.18 8.06 6.23
    9.51 6571 61.05     0.00    0  0.00  48 22 30  8.18 8.06 6.23
    9.46 5905 54.57     0.00    0  0.00  43 21 35  8.01 8.02 6.23
    8.24 5413 43.57     0.00    0  0.00  50 20 30  8.01 8.02 6.23
---------NEW-TRIAL----------
              disk0               disk4       cpu    load average
    KB/t  tps  MB/s     KB/t  tps  MB/s  us sy id   1m   5m   15m
   14.55  221  3.15     8.60    0  0.00  14  5 81  6.74 7.74 6.16
    4.53 7223 31.96     0.00    0  0.00  29 17 53  6.74 7.74 6.16
    4.08 9388 37.37     0.00    0  0.00  26 14 59  6.74 7.74 6.16
    4.30 9034 37.95     0.00    0  0.00  31 15 54  6.74 7.74 6.16
    5.62 9253 50.81     0.00    0  0.00  39 16 45  6.68 7.72 6.16
    6.70 8103 53.04     0.00    0  0.00  46 20 34  6.68 7.72 6.16
    8.06 6437 50.69     0.00    0  0.00  53 22 25  6.68 7.72 6.16
    6.74 7434 48.93     0.00    0  0.00  46 20 34  6.68 7.72 6.16
    5.68 9539 52.93     0.00    0  0.00  45 16 39  6.68 7.72 6.16
    7.74 10213 77.17     0.00    0  0.00  44 16 40  8.07 7.99 6.26
    9.18 5970 53.53     0.00    0  0.00  49 24 27  8.07 7.99 6.26
    8.47 8279 68.49     0.00    0  0.00  49 25 26  8.07 7.99 6.26
    7.60 9218 68.44     0.00    0  0.00  49 21 30  8.07 7.99 6.26
    8.54 8908 74.29     0.00    0  0.00  51 21 28  8.07 7.99 6.26
    8.63 8191 69.07     0.00    0  0.00  49 23 28  8.79 8.13 6.32
    6.88 6770 45.49     0.00    0  0.00  49 24 28  8.79 8.13 6.32
   10.99 6145 65.93     0.00    0  0.00  56 26 18  8.79 8.13 6.32
    9.12 7237 64.47     0.00    0  0.00  50 24 26  8.79 8.13 6.32
    6.32 8552 52.79     0.00    0  0.00  49 24 27  8.79 8.13 6.32
    8.95 7340 64.12     0.00    0  0.00  50 23 27  8.96 8.18 6.35
              disk0               disk4       cpu    load average
    KB/t  tps  MB/s     KB/t  tps  MB/s  us sy id   1m   5m   15m
    7.87 8186 62.91     0.00    0  0.00  51 20 29  8.96 8.18 6.35
    8.83 7931 68.40     0.00    0  0.00  50 25 25  8.96 8.18 6.35
   11.12 3901 42.36     0.00    0  0.00  49 23 27  8.96 8.18 6.35
    9.03 7367 64.96     0.00    0  0.00  54 23 23  8.96 8.18 6.35
   10.75 4936 51.83     0.00    0  0.00  54 25 21  10.49 8.51 6.48
    6.78 11252 74.46     0.00    0  0.00  47 24 29  10.49 8.51 6.48
    7.88 9324 71.71     0.00    0  0.00  49 24 27  10.49 8.51 6.48
    7.51 6727 49.35     0.00    0  0.00  52 21 27  10.49 8.51 6.48
    8.54 9644 80.44     0.00    0  0.00  50 22 28  10.49 8.51 6.48
    6.76 8651 57.13     0.00    0  0.00  52 23 25  10.85 8.62 6.53
    8.88 7374 63.96     0.00    0  0.00  51 23 26  10.85 8.62 6.53
    7.47 7559 55.15     0.00    0  0.00  49 24 27  10.85 8.62 6.53
   10.46 7740 79.06     0.00    0  0.00  56 24 20  10.85 8.62 6.53
    8.50 4571 37.93     0.00    0  0.00  56 25 19  10.85 8.62 6.53
   12.50 5116 62.44     0.00    0  0.00  55 24 21  11.98 8.89 6.64
    8.51 7168 59.55     0.00    0  0.00  56 25 19  11.98 8.89 6.64
    9.06 6194 54.81     0.00    0  0.00  53 23 24  11.98 8.89 6.64
    7.30 10640 75.90     0.00    0  0.00  50 23 27  11.98 8.89 6.64
    6.58 9283 59.66     0.00    0  0.00  53 22 25  11.98 8.89 6.64
    7.50 9546 69.88     0.00    0  0.00  53 22 25  12.38 9.02 6.70
              disk0               disk4       cpu    load average
    KB/t  tps  MB/s     KB/t  tps  MB/s  us sy id   1m   5m   15m
    8.82 8923 76.85     0.00    0  0.00  53 24 23  12.38 9.02 6.70
    9.93 6346 61.56     0.00    0  0.00  53 22 25  12.38 9.02 6.70
    8.35 6141 50.06     0.00    0  0.00  54 26 20  12.38 9.02 6.70
   10.56 8097 83.50     0.00    0  0.00  55 24 21  12.38 9.02 6.70
    7.02 6991 47.90     0.00    0  0.00  55 24 20  12.51 9.11 6.74
    9.61 6840 64.20     0.00    0  0.00  53 24 23  12.51 9.11 6.74
    7.41 6238 45.12     0.00    0  0.00  52 24 24  12.51 9.11 6.74
    7.41 8456 61.23     0.00    0  0.00  58 23 19  12.51 9.11 6.74
    9.19 7965 71.51     0.00    0  0.00  51 23 26  12.51 9.11 6.74
    7.16 7919 55.34     0.00    0  0.00  51 23 26  12.23 9.10 6.75
    8.22 7518 60.35     0.00    0  0.00  53 20 27  12.23 9.10 6.75
    7.88 9797 75.39     0.00    0  0.00  50 23 27  12.23 9.10 6.75
    7.33 12035 86.18     0.00    0  0.00  49 22 28  12.23 9.10 6.75
    8.09 7703 60.89     0.00    0  0.00  51 21 29  12.23 9.10 6.75
   14.51 2976 42.17     0.00    0  0.00  44 14 42  11.73 9.05 6.75
   12.42 3162 38.35     0.00    0  0.00  54 31 15  11.73 9.05 6.75
   12.01 5502 64.55     0.00    0  0.00  58 20 22  11.73 9.05 6.75
    8.31 5338 43.34     0.00    0  0.00  57 23 19  11.73 9.05 6.75
    7.60 8398 62.35     0.00    0  0.00  52 24 24  11.73 9.05 6.75
    8.23 6962 55.95     0.00    0  0.00  53 25 22  13.27 9.42 6.89
              disk0               disk4       cpu    load average
    KB/t  tps  MB/s     KB/t  tps  MB/s  us sy id   1m   5m   15m
    7.21 10108 71.18     0.00    0  0.00  53 23 24  13.27 9.42 6.89
    7.72 8303 62.60     0.00    0  0.00  52 23 25  13.27 9.42 6.89
   10.63 3621 37.58     0.00    0  0.00  54 23 23  13.27 9.42 6.89
   14.28 4299 59.93     0.00    0  0.00  54 25 20  13.27 9.42 6.89
    6.95 7896 53.60     0.00    0  0.00  51 23 27  12.85 9.39 6.90
    8.76 9388 80.32     0.00    0  0.00  49 22 29  12.85 9.39 6.90
    7.82 6325 48.30     0.00    0  0.00  48 21 31  12.85 9.39 6.90
    6.64 8432 54.67     0.00    0  0.00  46 15 39  12.85 9.39 6.90
    9.63 7926 74.55     0.00    0  0.00  50 19 31  12.85 9.39 6.90
    9.09 7369 65.44     0.00    0  0.00  47 18 35  12.38 9.35 6.90
    8.26 5356 43.22     0.00    0  0.00  48 18 35  12.38 9.35 6.90
    7.47 6723 49.02     0.00    0  0.00  45 16 39  12.38 9.35 6.90
    9.19 6407 57.50     0.00    0  0.00  48 29 23  12.38 9.35 6.90
    8.33 10898 88.60     0.00    0  0.00  59 21 20  12.38 9.35 6.90
    7.86 7632 58.60     0.00    0  0.00  58 24 18  12.51 9.43 6.94
    9.87 5424 52.28     0.00    0  0.00  57 24 19  12.51 9.43 6.94
    9.29 4575 41.52     0.00    0  0.00  59 23 18  12.51 9.43 6.94
    9.48 7350 68.01     0.00    0  0.00  59 27 14  12.51 9.43 6.94
    7.74 6291 47.53     0.00    0  0.00  53 24 23  12.51 9.43 6.94
    7.37 9244 66.52     0.00    0  0.00  51 24 25  12.23 9.42 6.95
              disk0               disk4       cpu    load average
    KB/t  tps  MB/s     KB/t  tps  MB/s  us sy id   1m   5m   15m
   17.04 5859 97.49     0.00    0  0.00  61 26 13  12.23 9.42 6.95
   11.71 5306 60.70     0.00    0  0.00  54 22 24  12.23 9.42 6.95
    7.27 11404 80.97     0.00    0  0.00  51 23 26  12.23 9.42 6.95
   12.89 6949 87.46     0.00    0  0.00  57 22 21  12.23 9.42 6.95
    8.98 7342 64.36     0.00    0  0.00  54 23 23  13.01 9.63 7.04
    8.95 5575 48.74     0.00    0  0.00  55 18 27  13.01 9.63 7.04
    8.05 8780 69.01     0.00    0  0.00  44 14 42  13.01 9.63 7.04
    7.24 8733 61.77     0.00    0  0.00  45 14 42  13.01 9.63 7.04
    7.71 9896 74.51     0.00    0  0.00  46 15 39  13.01 9.63 7.04
    6.81 8163 54.28     0.00    0  0.00  49 17 35  12.45 9.57 7.03
    8.51 5078 42.18     0.00    0  0.00  46 18 37  12.45 9.57 7.03
   10.27 5974 59.91     0.00    0  0.00  46 16 38  12.45 9.57 7.03
    6.33 10128 62.64     0.00    0  0.00  46 14 40  12.45 9.57 7.03
   10.12 6024 59.51     0.00    0  0.00  48 30 23  12.45 9.57 7.03
    9.03 7408 65.30     0.00    0  0.00  61 21 18  12.33 9.59 7.05
    7.62 7236 53.82     0.00    0  0.00  59 23 18  12.33 9.59 7.05
   10.62 5640 58.48     0.00    0  0.00  51 25 23  12.33 9.59 7.05
    6.94 8433 57.12     0.00    0  0.00  54 23 22  12.33 9.59 7.05
    9.24 7370 66.48     0.00    0  0.00  57 26 17  12.33 9.59 7.05
    7.88 6313 48.58     0.00    0  0.00  56 26 18  14.15 10.02 7.22
              disk0               disk4       cpu    load average
    KB/t  tps  MB/s     KB/t  tps  MB/s  us sy id   1m   5m   15m
   11.44 6602 73.78     0.00    0  0.00  56 25 19  14.15 10.02 7.22
   12.66 5974 73.87     0.00    0  0.00  55 24 22  14.15 10.02 7.22
    7.06 6253 43.14     0.00    0  0.00  53 24 24  14.15 10.02 7.22
    9.45 9529 87.95     0.00    0  0.00  49 21 30  14.15 10.02 7.22
    7.85 8212 62.91     0.00    0  0.00  50 22 28  14.14 10.08 7.26
    7.59 10031 74.40     0.00    0  0.00  48 20 31  14.14 10.08 7.26
    7.76 8471 64.15     0.00    0  0.00  47 20 32  14.14 10.08 7.26
    7.26 11161 79.18     0.00    0  0.00  54 20 26  14.14 10.08 7.26
    8.51 7766 64.51     0.00    0  0.00  49 19 32  14.14 10.08 7.26
    8.80 9320 80.09     0.00    0  0.00  47 19 34  13.65 10.05 7.26
    7.47 7043 51.34     0.00    0  0.00  49 18 33  13.65 10.05 7.26
    9.83 8719 83.66     0.00    0  0.00  46 17 37  13.65 10.05 7.26
    6.30 8385 51.55     0.00    0  0.00  50 19 31  13.65 10.05 7.26
    8.98 7202 63.18     0.00    0  0.00  46 18 36  13.65 10.05 7.26
    7.77 8388 63.63     0.00    0  0.00  49 17 33  12.95 9.96 7.25
    8.16 8949 71.34     0.00    0  0.00  58 17 25  12.95 9.96 7.25
    7.36 10957 78.80     0.00    0  0.00  49 17 33  12.95 9.96 7.25
    7.72 8453 63.72     0.00    0  0.00  47 28 25  12.95 9.96 7.25
    8.11 9715 76.95     0.00    0  0.00  53 21 26  12.95 9.96 7.25
    7.01 9534 65.30     0.00    0  0.00  59 21 20  13.84 10.20 7.35
              disk0               disk4       cpu    load average
    KB/t  tps  MB/s     KB/t  tps  MB/s  us sy id   1m   5m   15m
    9.83 8014 76.92     0.00    0  0.00  54 24 22  13.84 10.20 7.35
    6.98 6630 45.21     0.00    0  0.00  53 22 25  13.84 10.20 7.35
    8.80 9655 82.96     0.00    0  0.00  54 20 27  13.84 10.20 7.35
    6.10 8777 52.29     0.00    0  0.00  52 25 23  13.84 10.20 7.35
    9.24 8260 74.49     0.00    0  0.00  53 24 23  13.29 10.14 7.34
   10.30 4211 42.36     0.00    0  0.00  57 24 19  13.29 10.14 7.34
    9.48 7279 67.38     0.00    0  0.00  58 21 21  13.29 10.14 7.34
   13.27 7236 93.78     0.00    0  0.00  47 24 29  13.29 10.14 7.34
    8.44 7939 65.47     0.00    0  0.00  52 22 26  13.29 10.14 7.34
    7.13 12841 89.35     0.00    0  0.00  47 21 32  13.19 10.17 7.37
    9.42 7930 72.98     0.00    0  0.00  52 20 28  13.19 10.17 7.37
    9.29 8598 78.01     0.00    0  0.00  51 19 30  13.19 10.17 7.37
    6.20 11462 69.42     0.00    0  0.00  49 20 31  13.19 10.17 7.37
    7.89 12923 99.52     0.00    0  0.00  45 19 36  13.19 10.17 7.37
    7.22 10027 70.66     0.00    0  0.00  48 18 34  13.57 10.30 7.43
    8.13 12854 102.10     0.00    0  0.00  50 17 33  13.57 10.30 7.43
    6.80 8216 54.57     0.00    0  0.00  46 15 39  13.57 10.30 7.43
    7.35 11877 85.23     0.00    0  0.00  42 14 44  13.57 10.30 7.43
    6.77 9013 59.61     0.00    0  0.00  47 16 36  13.57 10.30 7.43
    9.57 9129 85.36     0.00    0  0.00  41 16 43  13.77 10.40 7.48
              disk0               disk4       cpu    load average
    KB/t  tps  MB/s     KB/t  tps  MB/s  us sy id   1m   5m   15m
    7.18 4534 31.80     0.00    0  0.00  51 25 25  13.77 10.40 7.48
    8.27 8690 70.21     0.00    0  0.00  45 19 35  13.77 10.40 7.48
   13.34 7355 95.79     0.00    0  0.00  53 19 28  13.77 10.40 7.48
    8.62 9916 83.44     0.00    0  0.00  58 19 24  13.77 10.40 7.48
   15.45 2831 42.71     0.00    0  0.00  60 17 23  13.06 10.31 7.47
   15.64 3196 48.83     0.00    0  0.00  61 17 22  13.06 10.31 7.47
   11.51 3422 38.46     0.00    0  0.00  49 28 23  13.06 10.31 7.47
    9.91 8577 83.04     0.00    0  0.00  61 22 17  13.06 10.31 7.47
    7.89 9270 71.40     0.00    0  0.00  56 22 23  13.06 10.31 7.47
    7.97 6441 50.14     0.00    0  0.00  56 22 21  12.82 10.30 7.48
   10.57 5748 59.32     0.00    0  0.00  51 25 23  12.82 10.30 7.48
   10.13 3612 35.74     0.00    0  0.00  55 28 17  12.82 10.30 7.48
    8.62 9466 79.67     0.00    0  0.00  54 20 25  12.82 10.30 7.48
    7.87 6199 47.65     0.00    0  0.00  54 25 21  12.82 10.30 7.48
    9.29 8936 81.11     0.00    0  0.00  59 25 16  12.59 10.30 7.50
    7.46 6572 47.90     0.00    0  0.00  55 26 20  12.59 10.30 7.50
   12.97 4111 52.07     0.00    0  0.00  57 23 20  12.59 10.30 7.50
   10.75 4777 50.14     0.00    0  0.00  51 23 26  12.59 10.30 7.50
   17.21 7168 120.45     0.00    0  0.00  48 25 27  12.78 10.37 7.54
    8.45 8475 69.92     0.00    0  0.00  49 23 28  12.78 10.37 7.54
              disk0               disk4       cpu    load average
    KB/t  tps  MB/s     KB/t  tps  MB/s  us sy id   1m   5m   15m
    8.13 10701 84.95     0.00    0  0.00  50 20 31  12.78 10.37 7.54
    8.03 9484 74.35     0.00    0  0.00  53 22 24  12.78 10.37 7.54
    7.76 8563 64.91     0.00    0  0.00  51 20 29  12.78 10.37 7.54
    9.29 9323 84.56     0.00    0  0.00  48 21 31  12.80 10.42 7.57
    6.34 10312 63.84     0.00    0  0.00  54 22 24  12.80 10.42 7.57
   11.91 8735 101.58     0.00    0  0.00  50 18 32  12.80 10.42 7.57
    7.33 8564 61.34     0.00    0  0.00  53 20 27  12.80 10.42 7.57
    7.99 8613 67.20     0.00    0  0.00  45 16 38  12.80 10.42 7.57
    7.69 7750 58.21     0.00    0  0.00  46 18 36  12.26 10.34 7.56
   11.16 5936 64.67     0.00    0  0.00  54 19 28  12.26 10.34 7.56
   12.84 4490 56.29     0.00    0  0.00  51 19 30  12.26 10.34 7.56
    8.14 9681 77.00     0.00    0  0.00  56 20 24  12.26 10.34 7.56
    8.27 6386 51.60     0.00    0  0.00  46 18 36  12.26 10.34 7.56
    8.08 6638 52.39     0.00    0  0.00  54 18 28  11.59 10.24 7.54
    7.57 7195 53.19     0.00    0  0.00  48 13 39  11.59 10.24 7.54
   16.53 3612 58.31     0.00    0  0.00  48 14 39  11.59 10.24 7.54
   14.42 2352 33.13     0.00    0  0.00  46 16 38  11.59 10.24 7.54
    9.06 8396 74.26     0.00    0  0.00  44 11 45  11.59 10.24 7.54
   13.63 2551 33.96     0.00    0  0.00  45 13 42  11.15 10.17 7.53
   29.03 2238 63.46     0.00    0  0.00  45 18 37  11.15 10.17 7.53
              disk0               disk4       cpu    load average
    KB/t  tps  MB/s     KB/t  tps  MB/s  us sy id   1m   5m   15m
    8.24 6161 49.58     0.00    0  0.00  52 33 15  11.15 10.17 7.53
    6.19 8749 52.88     0.00    0  0.00  58 22 20  11.15 10.17 7.53
   10.41 9395 95.50     0.00    0  0.00  58 23 19  11.15 10.17 7.53
    7.67 6376 47.73     0.00    0  0.00  54 24 22  11.05 10.16 7.55
    7.93 8925 69.10     0.00    0  0.00  60 22 17  11.05 10.16 7.55
   12.04 4886 57.47     0.00    0  0.00  51 33 16  11.05 10.16 7.55
    5.78 9325 52.65     0.00    0  0.00  62 21 17  11.05 10.16 7.55
   10.16 7664 76.04     0.00    0  0.00  55 23 22  11.05 10.16 7.55
    9.11 5384 47.87     0.00    0  0.00  54 27 20  11.77 10.33 7.62
    8.79 7931 68.10     0.00    0  0.00  62 24 14  11.77 10.33 7.62
    8.82 6063 52.25     0.00    0  0.00  55 26 19  11.77 10.33 7.62
    8.00 8869 69.29     0.00    0  0.00  53 25 22  11.77 10.33 7.62
    8.81 7832 67.41     0.00    0  0.00  55 25 20  11.77 10.33 7.62
    7.48 10513 76.82     0.00    0  0.00  46 25 29  11.63 10.32 7.63
    9.57 10225 95.53     0.00    0  0.00  48 24 28  11.63 10.32 7.63
    7.37 10770 77.47     0.00    0  0.00  50 24 27  11.63 10.32 7.63
    8.62 10353 87.12     0.00    0  0.00  50 21 29  11.63 10.32 7.63
   11.82 10436 120.48     0.00    0  0.00  48 22 31  11.63 10.32 7.63
    7.76 9223 69.90     0.00    0  0.00  48 22 29  11.66 10.35 7.66
    8.89 6726 58.41     0.00    0  0.00  51 21 29  11.66 10.35 7.66
              disk0               disk4       cpu    load average
    KB/t  tps  MB/s     KB/t  tps  MB/s  us sy id   1m   5m   15m
    6.58 10842 69.70     0.00    0  0.00  42 14 43  11.66 10.35 7.66
    7.38 10400 74.97     0.00    0  0.00  44 13 44  11.66 10.35 7.66
   12.85 4341 54.48     0.00    0  0.00  46 12 41  11.66 10.35 7.66
   13.31 3054 39.69     0.00    0  0.00  46 13 41  11.04 10.24 7.64
   12.34 5278 63.62     0.00    0  0.00  41 10 49  11.04 10.24 7.64
   13.01 2628 33.39     0.00    0  0.00  43 12 45  11.04 10.24 7.64
   13.93 4208 57.24     0.00    0  0.00  41 11 48  11.04 10.24 7.64
   27.43 1912 51.21     0.00    0  0.00  45 15 40  11.04 10.24 7.64
   20.38 2954 58.79     0.00    0  0.00  48 15 37  10.56 10.16 7.62
   19.44 2839 53.89     0.00    0  0.00  44 13 43  10.56 10.16 7.62
   33.06 1780 57.46     0.00    0  0.00  44 14 42  10.56 10.16 7.62
   11.53 3465 39.00     0.00    0  0.00  45 16 40  10.56 10.16 7.62
   15.35 3643 54.59     0.00    0  0.00  45 13 42  10.56 10.16 7.62
   23.37 1710 39.02     0.00    0  0.00  49 14 37  10.19 10.09 7.61
   18.81 2941 54.02     0.00    0  0.00  42 12 46  10.19 10.09 7.61
   25.53 1960 48.86     0.00    0  0.00  42 13 45  10.19 10.09 7.61
   24.92 1738 42.30     0.00    0  0.00  43 13 44  10.19 10.09 7.61
   17.97 2752 48.30     0.00    0  0.00  42 12 45  10.19 10.09 7.61
   21.79 2285 48.62     0.00    0  0.00  48 26 26  10.58 10.17 7.65
   12.19 3348 39.85     0.00    0  0.00  57 28 15  10.58 10.17 7.65
              disk0               disk4       cpu    load average
    KB/t  tps  MB/s     KB/t  tps  MB/s  us sy id   1m   5m   15m
    7.70 7889 59.29     0.00    0  0.00  60 21 20  10.58 10.17 7.65
    7.22 7124 50.23     0.00    0  0.00  60 19 20  10.58 10.17 7.65
    8.49 9822 81.40     0.00    0  0.00  49 22 29  10.58 10.17 7.65
    9.41 8806 80.93     0.00    0  0.00  39 22 39  10.21 10.10 7.65
    6.08 6623 39.34     0.00    0  0.00  38 32 30  10.21 10.10 7.65
