---------NEW-TRIAL----------
              disk0               disk4       cpu    load average
    KB/t  tps  MB/s     KB/t  tps  MB/s  us sy id   1m   5m   15m
   16.73  327  5.34     8.60    0  0.00  15  5 80  4.51 4.71 4.92
    9.58 6961 65.10     0.00    0  0.00  17 11 72  4.23 4.65 4.90
    4.04 7808 30.83     0.00    0  0.00  27 12 61  4.23 4.65 4.90
    4.49 9656 42.31     0.00    0  0.00  17 10 73  4.23 4.65 4.90
   10.40 6235 63.32     0.00    0  0.00  39 15 46  4.23 4.65 4.90
   17.56 5799 99.43     0.00    0  0.00  45 14 41  4.23 4.65 4.90
   20.12 5703 112.05     0.00    0  0.00  51 22 26  5.33 4.87 4.98
   17.00 4651 77.23     0.00    0  0.00  49 21 30  5.33 4.87 4.98
   23.22 4994 113.27     0.00    0  0.00  49 19 32  5.33 4.87 4.98
   13.37 7619 99.48     0.00    0  0.00  48 21 31  5.33 4.87 4.98
   18.62 3108 56.51     0.00    0  0.00  53 22 25  5.33 4.87 4.98
   18.90 4588 84.69     0.00    0  0.00  46 19 34  6.02 5.02 5.03
   23.89 3139 73.24     0.00    0  0.00  50 21 29  6.02 5.02 5.03
   17.18 5569 93.43     0.00    0  0.00  48 19 34  6.02 5.02 5.03
   13.09 7171 91.65     0.00    0  0.00  47 17 36  6.02 5.02 5.03
   16.47 3931 63.24     0.00    0  0.00  58 24 18  6.02 5.02 5.03
   14.75 4398 63.36     0.00    0  0.00  54 21 25  6.74 5.19 5.09
   14.66 4637 66.37     0.00    0  0.00  53 22 26  6.74 5.19 5.09
   15.51 7017 106.31     0.00    0  0.00  50 19 31  6.74 5.19 5.09
    7.66 8677 64.92     0.00    0  0.00  47 18 35  6.74 5.19 5.09
              disk0               disk4       cpu    load average
    KB/t  tps  MB/s     KB/t  tps  MB/s  us sy id   1m   5m   15m
   10.05 9637 94.62     0.00    0  0.00  47 18 35  6.74 5.19 5.09
    8.00 7062 55.18     0.00    0  0.00  49 17 34  6.92 5.25 5.11
   14.45 6040 85.25     0.00    0  0.00  45 15 40  6.92 5.25 5.11
   11.47 5755 64.48     0.00    0  0.00  54 21 25  6.92 5.25 5.11
   14.42 3740 52.65     0.00    0  0.00  51 22 27  6.92 5.25 5.11
   20.35 2944 58.52     0.00    0  0.00  56 22 22  6.92 5.25 5.11
   14.36 4526 63.48     0.00    0  0.00  49 22 29  8.85 5.68 5.26
   12.29 6428 77.13     0.00    0  0.00  51 22 27  8.85 5.68 5.26
    8.34 8600 70.07     0.00    0  0.00  56 19 24  8.85 5.68 5.26
   19.48 3346 63.64     0.00    0  0.00  47 13 40  8.85 5.68 5.26
   16.37 2968 47.46     0.00    0  0.00  45 13 42  8.85 5.68 5.26
   13.68 5743 76.74     0.00    0  0.00  49 14 36  8.62 5.68 5.26
   10.93 6566 70.06     0.00    0  0.00  48 16 36  8.62 5.68 5.26
    8.33 7979 64.88     0.00    0  0.00  45 14 41  8.62 5.68 5.26
   11.63 5560 63.13     0.00    0  0.00  48 22 30  8.62 5.68 5.26
   11.41 7227 80.54     0.00    0  0.00  58 17 25  8.62 5.68 5.26
   12.46 4639 56.45     0.00    0  0.00  52 22 26  11.21 6.27 5.47
   16.06 4353 68.28     0.00    0  0.00  53 20 28  11.21 6.27 5.47
   18.82 3557 65.39     0.00    0  0.00  59 22 19  11.21 6.27 5.47
   14.09 4600 63.29     0.00    0  0.00  55 24 21  11.21 6.27 5.47
              disk0               disk4       cpu    load average
    KB/t  tps  MB/s     KB/t  tps  MB/s  us sy id   1m   5m   15m
   12.44 3894 47.30     0.00    0  0.00  59 23 18  11.21 6.27 5.47
   21.15 2601 53.73     0.00    0  0.00  58 18 24  11.92 6.50 5.56
   15.39 4440 66.71     0.00    0  0.00  54 16 30  11.92 6.50 5.56
    8.56 6012 50.28     0.00    0  0.00  54 17 29  11.92 6.50 5.56
    9.72 8817 83.73     0.00    0  0.00  55 15 30  11.92 6.50 5.56
   13.62 3672 48.84     0.00    0  0.00  49 15 36  11.92 6.50 5.56
   11.61 6937 78.64     0.00    0  0.00  53 16 32  11.36 6.47 5.56
   10.25 6938 69.43     0.00    0  0.00  54 17 29  11.36 6.47 5.56
    7.56 7681 56.74     0.00    0  0.00  48 16 36  11.36 6.47 5.56
    9.36 9220 84.31     0.00    0  0.00  45 15 41  11.36 6.47 5.56
    8.34 6959 56.68     0.00    0  0.00  43 19 38  11.36 6.47 5.56
   12.22 4554 54.33     0.00    0  0.00  62 20 18  12.13 6.71 5.65
   13.68 5183 69.25     0.00    0  0.00  51 21 28  12.13 6.71 5.65
   12.58 3186 39.14     0.00    0  0.00  56 24 20  12.13 6.71 5.65
   14.02 5173 70.83     0.00    0  0.00  56 23 21  12.13 6.71 5.65
   13.63 4171 55.52     0.00    0  0.00  52 22 25  12.13 6.71 5.65
   17.91 2411 42.18     0.00    0  0.00  49 22 29  12.84 6.95 5.74
   30.55 1897 56.60     0.00    0  0.00  51 21 28  12.84 6.95 5.74
   22.64 2408 53.23     0.00    0  0.00  54 24 22  12.84 6.95 5.74
   23.30 2263 51.49     0.00    0  0.00  55 22 23  12.84 6.95 5.74
              disk0               disk4       cpu    load average
    KB/t  tps  MB/s     KB/t  tps  MB/s  us sy id   1m   5m   15m
    7.07 8481 58.54     0.00    0  0.00  46 15 40  12.84 6.95 5.74
   11.52 6751 75.97     0.00    0  0.00  45 13 42  12.06 6.88 5.72
   17.05 3808 63.40     0.00    0  0.00  47 13 40  12.06 6.88 5.72
   11.71 4802 54.89     0.00    0  0.00  47 12 41  12.06 6.88 5.72
   10.67 6803 70.91     0.00    0  0.00  45 16 39  12.06 6.88 5.72
    9.37 7750 70.89     0.00    0  0.00  43 16 41  12.06 6.88 5.72
    8.87 8414 72.90     0.00    0  0.00  44 13 43  11.73 6.90 5.73
    8.24 8110 65.29     0.00    0  0.00  53 16 31  11.73 6.90 5.73
   13.07 6172 78.77     0.00    0  0.00  48 17 35  11.73 6.90 5.73
   11.32 5912 65.36     0.00    0  0.00  47 18 35  11.73 6.90 5.73
    6.79 9649 64.00     0.00    0  0.00  46 17 37  11.73 6.90 5.73
   11.30 7064 77.98     0.00    0  0.00  52 21 27  11.35 6.90 5.74
   25.45 2380 59.15     0.00    0  0.00  51 15 34  11.35 6.90 5.74
   14.94 3638 53.10     0.00    0  0.00  49 19 32  11.35 6.90 5.74
   11.13 4734 51.48     0.00    0  0.00  54 23 23  11.35 6.90 5.74
   12.17 6027 71.65     0.00    0  0.00  60 18 22  11.35 6.90 5.74
   12.29 4075 48.92     0.00    0  0.00  60 19 21  11.72 7.05 5.80
   16.58 3925 63.55     0.00    0  0.00  61 27 12  11.72 7.05 5.80
   18.16 2626 46.56     0.00    0  0.00  62 21 17  11.72 7.05 5.80
   20.97 2043 41.82     0.00    0  0.00  57 22 20  11.72 7.05 5.80
              disk0               disk4       cpu    load average
    KB/t  tps  MB/s     KB/t  tps  MB/s  us sy id   1m   5m   15m
   30.02 1688 49.49     0.00    0  0.00  64 22 15  11.72 7.05 5.80
   24.54 2599 62.30     0.00    0  0.00  54 23 23  12.55 7.30 5.89
   36.30 1572 55.71     0.00    0  0.00  51 20 29  12.55 7.30 5.89
   21.28 2705 56.21     0.00    0  0.00  48 20 32  12.55 7.30 5.89
   18.10 2969 52.49     0.00    0  0.00  51 21 28  12.55 7.30 5.89
   13.51 3612 47.68     0.00    0  0.00  52 18 30  12.55 7.30 5.89
    9.46 9003 83.18     0.00    0  0.00  51 16 33  12.34 7.35 5.92
    6.84 8554 57.12     0.00    0  0.00  48 17 35  12.34 7.35 5.92
   13.57 5117 67.83     0.00    0  0.00  49 17 33  12.34 7.35 5.92
    9.28 4845 43.90     0.00    0  0.00  48 17 35  12.34 7.35 5.92
    9.97 8340 81.22     0.00    0  0.00  50 15 35  12.34 7.35 5.92
   10.36 4116 41.64     0.00    0  0.00  48 14 38  11.99 7.36 5.93
   30.00 2248 65.84     0.00    0  0.00  45 13 42  11.99 7.36 5.93
   19.45 2733 51.90     0.00    0  0.00  49 14 38  11.99 7.36 5.93
   25.60 2387 59.67     0.00    0  0.00  51 14 35  11.99 7.36 5.93
   26.35 2362 60.77     0.00    0  0.00  54 15 31  11.99 7.36 5.93
   17.79 3994 69.37     0.00    0  0.00  49 15 36  11.51 7.33 5.93
    8.54 8516 71.06     0.00    0  0.00  50 19 31  11.51 7.33 5.93
    7.45 7275 52.92     0.00    0  0.00  51 19 30  11.51 7.33 5.93
   10.31 7764 78.18     0.00    0  0.00  51 16 33  11.51 7.33 5.93
              disk0               disk4       cpu    load average
    KB/t  tps  MB/s     KB/t  tps  MB/s  us sy id   1m   5m   15m
    6.63 9699 62.83     0.00    0  0.00  46 14 40  11.51 7.33 5.93
   10.59 7392 76.41     0.00    0  0.00  46 16 39  10.83 7.26 5.91
    8.19 5996 47.97     0.00    0  0.00  45 15 39  10.83 7.26 5.91
   10.17 8212 81.55     0.00    0  0.00  49 15 36  10.83 7.26 5.91
   15.28 4171 62.23     0.00    0  0.00  47 25 28  10.83 7.26 5.91
   12.00 4881 57.20     0.00    0  0.00  61 16 23  10.83 7.26 5.91
    9.74 5856 55.73     0.00    0  0.00  59 21 20  11.97 7.56 6.02
   17.43 3637 61.90     0.00    0  0.00  58 22 21  11.97 7.56 6.02
   10.23 6704 66.99     0.00    0  0.00  58 20 22  11.97 7.56 6.02
   33.41 1758 57.35     0.00    0  0.00  53 23 24  11.97 7.56 6.02
   27.49 1162 31.19     0.00    0  0.00  62 17 22  11.97 7.56 6.02
   43.43 1349 57.22     0.00    0  0.00  55 17 28  14.53 8.16 6.25
   18.23 3179 56.62     0.00    0  0.00  55 21 24  14.53 8.16 6.25
   19.43 2268 43.04     0.00    0  0.00  62 21 18  14.53 8.16 6.25
   39.56 1330 51.39     0.00    0  0.00  58 20 22  14.53 8.16 6.25
   43.31 1344 56.84     0.00    0  0.00  53 21 26  14.53 8.16 6.25
   28.60 1893 52.87     0.00    0  0.00  55 20 25  16.65 8.71 6.45
   23.97 2379 55.69     0.00    0  0.00  50 21 29  16.65 8.71 6.45
   18.86 2240 41.24     0.00    0  0.00  55 21 23  16.65 8.71 6.45
   18.96 2832 52.43     0.00    0  0.00  52 19 29  16.65 8.71 6.45
              disk0               disk4       cpu    load average
    KB/t  tps  MB/s     KB/t  tps  MB/s  us sy id   1m   5m   15m
   10.92 7048 75.15     0.00    0  0.00  52 17 31  16.65 8.71 6.45
    7.76 8898 67.41     0.00    0  0.00  59 16 25  15.88 8.68 6.45
    9.48 7459 69.06     0.00    0  0.00  52 16 32  15.88 8.68 6.45
   11.12 4881 53.01     0.00    0  0.00  53 17 30  15.88 8.68 6.45
   15.02 4505 66.09     0.00    0  0.00  51 17 32  15.88 8.68 6.45
    8.49 9665 80.13     0.00    0  0.00  49 15 36  15.88 8.68 6.45
   13.52 4398 58.08     0.00    0  0.00  50 15 35  15.09 8.63 6.45
   20.78 2970 60.28     0.00    0  0.00  49 12 39  15.09 8.63 6.45
    9.50 6040 56.00     0.00    0  0.00  52 14 33  15.09 8.63 6.45
   11.43 7065 78.87     0.00    0  0.00  51 18 31  15.09 8.63 6.45
    7.70 7114 53.48     0.00    0  0.00  51 18 30  15.08 8.74 6.50
    9.91 8228 79.66     0.00    0  0.00  52 17 32  15.08 8.74 6.50
    9.42 7450 68.52     0.00    0  0.00  59 15 25  15.08 8.74 6.50
    9.18 6366 57.07     0.00    0  0.00  49 16 34  15.08 8.74 6.50
   12.41 5365 65.02     0.00    0  0.00  54 16 30  15.08 8.74 6.50
   13.50 4914 64.78     0.00    0  0.00  52 16 32  14.35 8.69 6.50
    8.10 8326 65.90     0.00    0  0.00  53 21 26  14.35 8.69 6.50
   19.69 2873 55.24     0.00    0  0.00  52 15 33  14.35 8.69 6.50
   18.77 3454 63.32     0.00    0  0.00  53 13 34  14.35 8.69 6.50
   19.66 2178 41.82     0.00    0  0.00  50 13 36  14.35 8.69 6.50
              disk0               disk4       cpu    load average
    KB/t  tps  MB/s     KB/t  tps  MB/s  us sy id   1m   5m   15m
   17.89 3833 66.98     0.00    0  0.00  49 13 38  13.68 8.65 6.49
   10.00 8289 80.92     0.00    0  0.00  49 17 34  13.68 8.65 6.49
    7.22 7659 53.99     0.00    0  0.00  52 16 32  13.68 8.65 6.49
   10.23 7770 77.63     0.00    0  0.00  50 16 34  13.68 8.65 6.49
    7.48 7750 56.60     0.00    0  0.00  45 15 40  13.68 8.65 6.49
   14.12 5233 72.14     0.00    0  0.00  43 22 35  16.35 9.28 6.73
   15.14 3189 47.15     0.00    0  0.00  56 20 24  16.35 9.28 6.73
   17.48 3477 59.35     0.00    0  0.00  59 17 24  16.35 9.28 6.73
   13.42 5451 71.46     0.00    0  0.00  51 21 29  16.35 9.28 6.73
    9.79 4314 41.27     0.00    0  0.00  52 20 28  16.35 9.28 6.73
   10.53 7481 76.93     0.00    0  0.00  52 19 30  15.84 9.30 6.75
   11.09 6136 66.42     0.00    0  0.00  52 20 28  15.84 9.30 6.75
   10.80 7191 75.84     0.00    0  0.00  48 20 32  15.84 9.30 6.75
   17.94 2490 43.64     0.00    0  0.00  57 21 22  15.84 9.30 6.75
   29.06 2089 59.30     0.00    0  0.00  56 19 25  15.84 9.30 6.75
   31.74 1762 54.63     0.00    0  0.00  52 19 29  15.05 9.24 6.75
   32.80 1689 54.11     0.00    0  0.00  53 14 34  15.05 9.24 6.75
   26.13 1849 47.17     0.00    0  0.00  56 25 19  15.05 9.24 6.75
   46.91 1177 53.93     0.00    0  0.00  61 20 19  15.05 9.24 6.75
   15.29 3194 47.69     0.00    0  0.00  59 20 21  15.05 9.24 6.75
              disk0               disk4       cpu    load average
    KB/t  tps  MB/s     KB/t  tps  MB/s  us sy id   1m   5m   15m
   16.08 3059 48.04     0.00    0  0.00  59 23 19  16.01 9.53 6.86
   22.39 2705 59.15     0.00    0  0.00  60 22 17  16.01 9.53 6.86
   12.68 3426 42.42     0.00    0  0.00  60 22 19  16.01 9.53 6.86
   18.47 3174 57.25     0.00    0  0.00  53 20 27  16.01 9.53 6.86
   18.52 3340 60.42     0.00    0  0.00  52 21 27  16.01 9.53 6.86
   16.75 3026 49.49     0.00    0  0.00  57 23 20  15.77 9.59 6.90
    7.83 6786 51.85     0.00    0  0.00  55 22 23  15.77 9.59 6.90
   10.71 6460 67.55     0.00    0  0.00  57 18 25  15.77 9.59 6.90
    8.55 7224 60.32     0.00    0  0.00  54 16 29  15.77 9.59 6.90
   12.79 5645 70.52     0.00    0  0.00  56 18 27  15.77 9.59 6.90
   14.16 4491 62.10     0.00    0  0.00  52 18 30  14.91 9.52 6.89
    8.60 6657 55.93     0.00    0  0.00  49 16 35  14.91 9.52 6.89
   11.61 6435 72.96     0.00    0  0.00  52 17 31  14.91 9.52 6.89
   16.29 2712 43.15     0.00    0  0.00  56 15 29  14.91 9.52 6.89
    9.61 7423 69.63     0.00    0  0.00  53 18 29  14.91 9.52 6.89
    9.78 5918 56.54     0.00    0  0.00  52 20 29  14.43 9.51 6.90
    9.56 7550 70.50     0.00    0  0.00  50 18 32  14.43 9.51 6.90
   11.48 7295 81.77     0.00    0  0.00  52 20 27  14.43 9.51 6.90
    9.82 7073 67.83     0.00    0  0.00  58 18 23  14.43 9.51 6.90
    9.58 5853 54.78     0.00    0  0.00  55 17 28  14.43 9.51 6.90
              disk0               disk4       cpu    load average
    KB/t  tps  MB/s     KB/t  tps  MB/s  us sy id   1m   5m   15m
   11.90 5225 60.70     0.00    0  0.00  54 16 29  13.76 9.45 6.90
    7.51 9871 72.38     0.00    0  0.00  52 14 34  13.76 9.45 6.90
    7.91 11024 85.17     0.00    0  0.00  51 15 34  13.76 9.45 6.90
    8.15 7985 63.57     0.00    0  0.00  55 18 27  13.76 9.45 6.90
   10.84 5996 63.47     0.00    0  0.00  56 16 27  13.76 9.45 6.90
   10.77 8725 91.73     0.00    0  0.00  50 16 34  14.18 9.61 6.97
    8.17 7933 63.31     0.00    0  0.00  49 17 34  14.18 9.61 6.97
    9.82 8480 81.36     0.00    0  0.00  51 15 34  14.18 9.61 6.97
   12.31 5262 63.24     0.00    0  0.00  62 17 21  14.18 9.61 6.97
   14.50 3982 56.38     0.00    0  0.00  54 16 30  14.18 9.61 6.97
    7.03 10963 75.22     0.00    0  0.00  50 14 36  14.72 9.79 7.05
    9.07 9098 80.54     0.00    0  0.00  49 15 35  14.72 9.79 7.05
    7.32 10380 74.23     0.00    0  0.00  51 21 28  14.72 9.79 7.05
   12.35 5213 62.88     0.00    0  0.00  54 20 26  14.72 9.79 7.05
    9.46 7969 73.63     0.00    0  0.00  56 18 26  14.72 9.79 7.05
    7.22 10005 70.55     0.00    0  0.00  49 13 38  13.94 9.71 7.04
    8.74 10702 91.39     0.00    0  0.00  49 14 37  13.94 9.71 7.04
    8.43 5776 47.56     0.00    0  0.00  51 16 33  13.94 9.71 7.04
   16.10 4160 65.40     0.00    0  0.00  51 15 34  13.94 9.71 7.04
    7.17 7722 54.05     0.00    0  0.00  52 15 33  13.94 9.71 7.04
              disk0               disk4       cpu    load average
    KB/t  tps  MB/s     KB/t  tps  MB/s  us sy id   1m   5m   15m
   11.64 6447 73.26     0.00    0  0.00  52 13 35  13.87 9.77 7.07
   16.22 4184 66.25     0.00    0  0.00  51 11 37  13.87 9.77 7.07
   10.27 4293 43.07     0.00    0  0.00  48 12 40  13.87 9.77 7.07
   16.58 5298 85.80     0.00    0  0.00  50 14 36  13.87 9.77 7.07
    6.15 8649 51.94     0.00    0  0.00  53 17 30  13.87 9.77 7.07
   12.13 6133 72.64     0.00    0  0.00  48 19 33  16.04 10.29 7.27
   12.66 4118 50.93     0.00    0  0.00  51 24 25  16.04 10.29 7.27
   25.34 2404 59.50     0.00    0  0.00  60 14 26  16.04 10.29 7.27
   14.97 2426 35.46     0.00    0  0.00  64 16 20  16.04 10.29 7.27
   11.20 6949 75.98     0.00    0  0.00  54 20 25  16.04 10.29 7.27
   12.29 4257 51.08     0.00    0  0.00  57 18 26  16.36 10.45 7.34
   12.18 6038 71.85     0.00    0  0.00  57 18 25  16.36 10.45 7.34
    8.52 10329 85.93     0.00    0  0.00  57 17 26  16.36 10.45 7.34
    8.83 7027 60.59     0.00    0  0.00  55 17 28  16.36 10.45 7.34
   12.57 4914 60.34     0.00    0  0.00  51 16 34  16.36 10.45 7.34
   14.02 5684 77.84     0.00    0  0.00  51 16 33  15.85 10.44 7.36
   15.61 2971 45.28     0.00    0  0.00  53 23 24  15.85 10.44 7.36
   21.96 2153 46.18     0.00    0  0.00  66 15 20  15.85 10.44 7.36
   11.63 6581 74.74     0.00    0  0.00  55 20 26  15.85 10.44 7.36
    8.74 5384 45.93     0.00    0  0.00  56 20 24  15.85 10.44 7.36
              disk0               disk4       cpu    load average
    KB/t  tps  MB/s     KB/t  tps  MB/s  us sy id   1m   5m   15m
   11.66 6735 76.68     0.00    0  0.00  53 20 27  15.46 10.45 7.38
   11.15 7238 78.85     0.00    0  0.00  52 16 32  15.46 10.45 7.38
   20.11 2026 39.80     0.00    0  0.00  53 23 25  15.46 10.45 7.38
   31.24 1343 40.98     0.00    0  0.00  65 17 19  15.46 10.45 7.38
   32.59 1935 61.58     0.00    0  0.00  55 20 25  15.46 10.45 7.38
   19.51 3279 62.49     0.00    0  0.00  54 18 28  16.46 10.74 7.50
   19.63 1919 36.79     0.00    0  0.00  57 23 20  16.46 10.74 7.50
   42.64 1122 46.72     0.00    0  0.00  59 19 22  16.46 10.74 7.50
   33.42 1929 62.95     0.00    0  0.00  53 21 26  16.46 10.74 7.50
   17.52 2054 35.14     0.00    0  0.00  59 21 20  16.46 10.74 7.50
   29.96 1903 55.67     0.00    0  0.00  64 21 15  18.67 11.29 7.71
   27.52 2808 75.47     0.00    0  0.00  56 24 20  18.67 11.29 7.71
   51.19 9503 475.02     0.00    0  0.00  55 21 24  18.67 11.29 7.71
   50.21 10112 495.79     0.00    0  0.00  48 22 29  18.67 11.29 7.71
   10.70 4862 50.80     0.00    0  0.00  53 22 25  18.67 11.29 7.71
   13.19 5454 70.24     0.00    0  0.00  52 20 28  18.77 11.44 7.79
    7.08 8244 57.01     0.00    0  0.00  51 16 32  18.77 11.44 7.79
    9.63 8734 82.15     0.00    0  0.00  49 15 36  18.77 11.44 7.79
   12.42 5935 72.00     0.00    0  0.00  50 19 31  18.77 11.44 7.79
   10.46 5418 55.34     0.00    0  0.00  49 18 33  18.77 11.44 7.79
              disk0               disk4       cpu    load average
    KB/t  tps  MB/s     KB/t  tps  MB/s  us sy id   1m   5m   15m
   13.54 4665 61.67     0.00    0  0.00  53 19 28  17.67 11.33 7.77
    7.74 8981 67.92     0.00    0  0.00  50 15 35  17.67 11.33 7.77
   21.88 2951 63.04     0.00    0  0.00  51 17 33  17.67 11.33 7.77
    9.42 5774 53.11     0.00    0  0.00  56 17 26  17.67 11.33 7.77
   12.37 6086 73.51     0.00    0  0.00  50 18 32  17.67 11.33 7.77
   13.02 7221 91.79     0.00    0  0.00  50 19 30  17.30 11.36 7.80
    8.27 9637 77.87     0.00    0  0.00  46 16 38  17.30 11.36 7.80
    8.76 7383 63.13     0.00    0  0.00  54 17 30  17.30 11.36 7.80
   12.01 5380 63.09     0.00    0  0.00  57 14 29  17.30 11.36 7.80
   12.38 4004 48.39     0.00    0  0.00  52 16 32  17.30 11.36 7.80
   10.57 6421 66.28     0.00    0  0.00  47 15 38  16.47 11.28 7.79
    7.86 8640 66.35     0.00    0  0.00  46 14 40  16.47 11.28 7.79
   14.51 4058 57.49     0.00    0  0.00  46 15 39  16.47 11.28 7.79
   10.41 5477 55.68     0.00    0  0.00  48 15 37  16.47 11.28 7.79
    8.04 10384 81.53     0.00    0  0.00  49 14 37  16.47 11.28 7.79
   11.82 6236 72.00     0.00    0  0.00  45 16 38  15.55 11.18 7.78
   13.76 4817 64.72     0.00    0  0.00  46 18 36  15.55 11.18 7.78
   10.47 5128 52.43     0.00    0  0.00  47 20 33  15.55 11.18 7.78
   11.16 7143 77.82     0.00    0  0.00  49 17 34  15.55 11.18 7.78
    7.89 11059 85.24     0.00    0  0.00  49 15 37  15.55 11.18 7.78
              disk0               disk4       cpu    load average
    KB/t  tps  MB/s     KB/t  tps  MB/s  us sy id   1m   5m   15m
    8.14 8015 63.68     0.00    0  0.00  47 16 36  14.95 11.13 7.78
   17.88 3762 65.68     0.00    0  0.00  45 18 38  14.95 11.13 7.78
   12.37 3238 39.11     0.00    0  0.00  54 20 26  14.95 11.13 7.78
   24.16 2564 60.51     0.00    0  0.00  54 19 27  14.95 11.13 7.78
    7.44 9291 67.52     0.00    0  0.00  44 14 42  14.95 11.13 7.78
   11.83 6331 73.12     0.00    0  0.00  44 15 41  13.91 10.98 7.74
    7.19 8379 58.82     0.00    0  0.00  41 12 47  13.91 10.98 7.74
   33.62 1989 65.31     0.00    0  0.00  43 15 42  13.91 10.98 7.74
   14.73 5391 77.53     0.00    0  0.00  47 13 41  13.91 10.98 7.74
    7.69 11960 89.86     0.00    0  0.00  41 14 45  13.91 10.98 7.74
    8.27 8389 67.76     0.00    0  0.00  47 20 33  13.20 10.88 7.73
   16.35 3607 57.58     0.00    0  0.00  49 19 32  13.20 10.88 7.73
   10.00 4638 45.31     0.00    0  0.00  45 18 38  13.20 10.88 7.73
    9.92 8469 82.05     0.00    0  0.00  45 15 39  13.20 10.88 7.73
    6.91 11666 78.76     0.00    0  0.00  44 14 42  13.20 10.88 7.73
   12.99 6242 79.20     0.00    0  0.00  43 15 42  12.62 10.79 7.72
   12.01 4113 48.26     0.00    0  0.00  50 18 32  12.62 10.79 7.72
   13.32 5403 70.29     0.00    0  0.00  45 16 39  12.62 10.79 7.72
    8.59 8947 75.07     0.00    0  0.00  46 15 38  12.62 10.79 7.72
   10.03 5508 53.95     0.00    0  0.00  48 15 37  12.62 10.79 7.72
              disk0               disk4       cpu    load average
    KB/t  tps  MB/s     KB/t  tps  MB/s  us sy id   1m   5m   15m
   12.62 5987 73.76     0.00    0  0.00  46 15 40  12.89 10.88 7.77
   14.48 5808 82.14     0.00    0  0.00  50 16 34  12.89 10.88 7.77
   11.15 4700 51.17     0.00    0  0.00  46 16 38  12.89 10.88 7.77
   14.61 3142 44.81     0.00    0  0.00  47 16 37  12.89 10.88 7.77
   11.48 6089 68.26     0.00    0  0.00  51 14 35  12.89 10.88 7.77
    9.50 5910 54.86     0.00    0  0.00  47 16 37  13.22 10.98 7.82
   12.65 6128 75.72     0.00    0  0.00  50 16 35  13.22 10.98 7.82
    7.24 7563 53.46     0.00    0  0.00  48 16 36  13.22 10.98 7.82
   16.12 5082 80.01     0.00    0  0.00  53 17 31  13.22 10.98 7.82
   12.91 4141 52.20     0.00    0  0.00  48 23 29  13.22 10.98 7.82
   14.06 3596 49.39     0.00    0  0.00  54 32 14  16.81 11.76 8.11
   12.11 4274 50.54     0.00    0  0.00  58 29 13  16.81 11.76 8.11
   14.90 4876 70.94     0.00    0  0.00  59 15 26  16.81 11.76 8.11
   11.30 3585 39.57     0.00    0  0.00  58 15 27  16.81 11.76 8.11
   13.94 4013 54.64     0.00    0  0.00  59 14 27  16.81 11.76 8.11
   13.96 3500 47.72     0.00    0  0.00  63 16 22  17.30 11.95 8.20
   10.86 7258 76.97     0.00    0  0.00  59 18 23  17.30 11.95 8.20
   10.15 8132 80.63     0.00    0  0.00  57 18 25  17.30 11.95 8.20
    7.77 6882 52.20     0.00    0  0.00  54 18 28  17.30 11.95 8.20
   15.21 4328 64.30     0.00    0  0.00  58 19 23  17.30 11.95 8.20
              disk0               disk4       cpu    load average
    KB/t  tps  MB/s     KB/t  tps  MB/s  us sy id   1m   5m   15m
    8.32 6223 50.56     0.00    0  0.00  56 18 26  16.96 11.97 8.23
   11.68 6739 76.83     0.00    0  0.00  58 19 23  16.96 11.97 8.23
   17.75 2552 44.24     0.00    0  0.00  50 12 37  16.96 11.97 8.23
   13.11 6503 83.29     0.00    0  0.00  50 15 35  16.96 11.97 8.23
   11.14 7650 83.21     0.00    0  0.00  52 18 31  16.96 11.97 8.23
   17.11 2969 49.60     0.00    0  0.00  52 27 21  19.28 12.53 8.45
   13.71 3428 45.90     0.00    0  0.00  62 20 18  19.28 12.53 8.45
   18.36 2643 47.40     0.00    0  0.00  64 16 20  19.28 12.53 8.45
   11.02 4861 52.30     0.00    0  0.00  57 20 23  19.28 12.53 8.45
   16.27 4013 63.76     0.00    0  0.00  59 19 22  19.28 12.53 8.45
   17.50 3815 65.22     0.00    0  0.00  56 20 25  20.30 12.85 8.59
    7.88 6382 49.12     0.00    0  0.00  58 17 26  20.30 12.85 8.59
   10.15 8367 82.91     0.00    0  0.00  53 15 33  20.30 12.85 8.59
    8.34 5651 46.02     0.00    0  0.00  56 17 27  20.30 12.85 8.59
   14.80 5019 72.52     0.00    0  0.00  51 22 27  20.30 12.85 8.59
   17.07 3741 62.36     0.00    0  0.00  45 23 32  21.48 13.22 8.74
   17.64 2422 41.71     0.00    0  0.00  62 14 24  21.48 13.22 8.74
   13.62 5145 68.45     0.00    0  0.00  61 18 21  21.48 13.22 8.74
    8.40 7939 65.09     0.00    0  0.00  56 18 26  21.48 13.22 8.74
    7.66 11299 84.51     0.00    0  0.00  54 18 28  21.48 13.22 8.74
              disk0               disk4       cpu    load average
    KB/t  tps  MB/s     KB/t  tps  MB/s  us sy id   1m   5m   15m
   11.35 4536 50.27     0.00    0  0.00  52 16 33  20.48 13.15 8.74
   23.61 2773 63.94     0.00    0  0.00  55 19 26  20.48 13.15 8.74
   20.12 2111 41.47     0.00    0  0.00  62 24 14  20.48 13.15 8.74
   30.86 2029 61.15     0.00    0  0.00  58 19 23  20.48 13.15 8.74
   14.67 3116 44.64     0.00    0  0.00  58 20 23  20.48 13.15 8.74
   21.16 3041 62.84     0.00    0  0.00  57 21 22  19.48 13.06 8.74
   18.58 2629 47.71     0.00    0  0.00  60 21 19  19.48 13.06 8.74
   10.42 5452 55.49     0.00    0  0.00  57 20 22  19.48 13.06 8.74
   18.13 2990 52.95     0.00    0  0.00  60 22 18  19.48 13.06 8.74
   28.02 2063 56.47     0.00    0  0.00  66 21 13  19.48 13.06 8.74
   22.33 1774 38.70     0.00    0  0.00  56 22 22  20.96 13.48 8.91
   26.29 1908 48.99     0.00    0  0.00  55 22 23  20.96 13.48 8.91
   22.88 2759 61.65     0.00    0  0.00  54 23 23  20.96 13.48 8.91
   12.47 3891 47.37     0.00    0  0.00  58 24 18  20.96 13.48 8.91
   16.93 4467 73.88     0.00    0  0.00  54 21 25  20.96 13.48 8.91
    8.98 6683 58.63     0.00    0  0.00  51 18 31  20.56 13.52 8.95
   10.16 7968 79.10     0.00    0  0.00  52 18 29  20.56 13.52 8.95
    8.72 6976 59.38     0.00    0  0.00  55 17 28  20.56 13.52 8.95
   10.11 6677 65.94     0.00    0  0.00  49 17 35  20.56 13.52 8.95
    8.16 8108 64.60     0.00    0  0.00  47 15 38  20.56 13.52 8.95
              disk0               disk4       cpu    load average
    KB/t  tps  MB/s     KB/t  tps  MB/s  us sy id   1m   5m   15m
   10.52 7420 76.21     0.00    0  0.00  53 14 32  19.16 13.34 8.92
   29.60 1320 38.16     0.00    0  0.00  55 12 33  19.16 13.34 8.92
   25.84 2351 59.34     0.00    0  0.00  48 13 38  19.16 13.34 8.92
   38.58 1706 64.28     0.00    0  0.00  47 13 39  19.16 13.34 8.92
   24.06 2584 60.71     0.00    0  0.00  50 16 34  19.16 13.34 8.92
   32.97 1460 47.00     0.00    0  0.00  49 16 35  18.10 13.22 8.90
   10.97 5045 54.06     0.00    0  0.00  49 15 36  18.10 13.22 8.90
   10.72 7272 76.16     0.00    0  0.00  55 15 29  18.10 13.22 8.90
    7.25 8027 56.82     0.00    0  0.00  55 14 31  18.10 13.22 8.90
   10.10 7946 78.35     0.00    0  0.00  49 16 35  18.10 13.22 8.90
    7.67 6455 48.35     0.00    0  0.00  53 17 31  17.29 13.14 8.89
   13.13 5435 69.66     0.00    0  0.00  48 17 35  17.29 13.14 8.89
    9.41 4546 41.80     0.00    0  0.00  50 16 34  17.29 13.14 8.89
   10.35 7685 77.70     0.00    0  0.00  50 15 35  17.29 13.14 8.89
   13.47 5473 72.01     0.00    0  0.00  45 14 41  17.29 13.14 8.89
    7.10 7812 54.18     0.00    0  0.00  47 15 38  16.39 13.02 8.88
   11.58 6793 76.79     0.00    0  0.00  52 22 26  16.39 13.02 8.88
   10.97 5974 63.97     0.00    0  0.00  57 20 22  16.39 13.02 8.88
    8.70 7239 61.52     0.00    0  0.00  58 17 25  16.39 13.02 8.88
   10.63 7361 76.42     0.00    0  0.00  51 17 31  16.39 13.02 8.88
              disk0               disk4       cpu    load average
    KB/t  tps  MB/s     KB/t  tps  MB/s  us sy id   1m   5m   15m
    9.13 4819 42.99     0.00    0  0.00  53 19 28  15.64 12.92 8.87
   14.00 5066 69.28     0.00    0  0.00  53 19 29  15.64 12.92 8.87
   11.04 5897 63.58     0.00    0  0.00  58 19 23  15.64 12.92 8.87
    8.37 8242 67.39     0.00    0  0.00  54 16 30  15.64 12.92 8.87
   10.67 7288 75.91     0.00    0  0.00  48 16 35  15.64 12.92 8.87
    8.88 6631 57.48     0.00    0  0.00  48 17 35  14.86 12.80 8.85
    9.45 7398 68.26     0.00    0  0.00  49 17 35  14.86 12.80 8.85
   10.09 7480 73.67     0.00    0  0.00  49 17 34  14.86 12.80 8.85
    9.30 6227 56.54     0.00    0  0.00  56 23 21  14.86 12.80 8.85
   15.62 4265 65.06     0.00    0  0.00  56 19 25  14.86 12.80 8.85
    8.08 6119 48.29     0.00    0  0.00  50 17 33  14.40 12.74 8.85
   10.31 8017 80.68     0.00    0  0.00  49 14 37  14.40 12.74 8.85
   18.13 2985 52.86     0.00    0  0.00  49 13 38  14.40 12.74 8.85
   39.50 1176 45.34     0.00    0  0.00  56 15 29  14.40 12.74 8.85
   27.29 1901 50.66     0.00    0  0.00  53 16 31  14.40 12.74 8.85
   13.31 3585 46.61     0.00    0  0.00  51 16 32  14.12 12.71 8.86
   11.59 6444 72.92     0.00    0  0.00  55 19 26  14.12 12.71 8.86
    9.12 6800 60.54     0.00    0  0.00  50 19 31  14.12 12.71 8.86
    8.33 10170 82.72     0.00    0  0.00  54 17 29  14.12 12.71 8.86
    9.43 9447 87.02     0.00    0  0.00  52 20 28  14.12 12.71 8.86
              disk0               disk4       cpu    load average
    KB/t  tps  MB/s     KB/t  tps  MB/s  us sy id   1m   5m   15m
    8.58 7580 63.52     0.00    0  0.00  54 19 27  14.19 12.75 8.90
   14.58 4003 57.00     0.00    0  0.00  50 17 32  14.19 12.75 8.90
   12.02 6373 74.82     0.00    0  0.00  48 15 36  14.19 12.75 8.90
    8.18 7691 61.41     0.00    0  0.00  53 18 30  14.19 12.75 8.90
   16.75 3403 55.68     0.00    0  0.00  55 13 32  14.19 12.75 8.90
   11.53 4657 52.45     0.00    0  0.00  49 12 40  13.46 12.62 8.87
   11.30 7886 87.03     0.00    0  0.00  49 16 34  13.46 12.62 8.87
    7.83 9775 74.70     0.00    0  0.00  45 19 36  13.46 12.62 8.87
    8.08 8289 65.37     0.00    0  0.00  50 21 30  13.46 12.62 8.87
    8.92 8261 71.98     0.00    0  0.00  49 15 36  13.46 12.62 8.87
    8.01 8583 67.17     0.00    0  0.00  46 15 39  12.70 12.47 8.85
   11.71 6805 77.79     0.00    0  0.00  48 18 34  12.70 12.47 8.85
    9.55 4676 43.61     0.00    0  0.00  60 14 26  12.70 12.47 8.85
    9.62 9162 86.10     0.00    0  0.00  50 16 34  12.70 12.47 8.85
   16.08 4179 65.61     0.00    0  0.00  52 12 36  12.70 12.47 8.85
   15.03 3013 44.23     0.00    0  0.00  52 12 36  12.96 12.53 8.89
   20.61 3066 61.70     0.00    0  0.00  54 12 34  12.96 12.53 8.89
   30.52 1292 38.50     0.00    0  0.00  48 11 40  12.96 12.53 8.89
   26.84 2281 59.78     0.00    0  0.00  47 12 42  12.96 12.53 8.89
   15.28 5356 79.90     0.00    0  0.00  50 15 35  12.96 12.53 8.89
              disk0               disk4       cpu    load average
    KB/t  tps  MB/s     KB/t  tps  MB/s  us sy id   1m   5m   15m
    7.83 8916 68.15     0.00    0  0.00  51 20 29  12.41 12.42 8.87
    9.00 7254 63.79     0.00    0  0.00  50 20 30  12.41 12.42 8.87
    8.19 7843 62.71     0.00    0  0.00  56 19 25  12.41 12.42 8.87
    9.06 8307 73.52     0.00    0  0.00  53 19 28  12.41 12.42 8.87
    8.33 7134 58.01     0.00    0  0.00  50 16 33  13.09 12.57 8.94
   11.07 6177 66.75     0.00    0  0.00  50 16 33  13.09 12.57 8.94
    9.83 7048 67.64     0.00    0  0.00  45 16 39  13.09 12.57 8.94
    7.75 8830 66.82     0.00    0  0.00  45 15 40  13.09 12.57 8.94
    9.21 8316 74.78     0.00    0  0.00  44 13 43  13.09 12.57 8.94
    7.39 7440 53.71     0.00    0  0.00  49 18 34  14.21 12.80 9.05
   10.28 7904 79.33     0.00    0  0.00  47 16 37  14.21 12.80 9.05
    6.87 8901 59.68     0.00    0  0.00  44 14 42  14.21 12.80 9.05
   10.65 9350 97.20     0.00    0  0.00  48 17 35  14.21 12.80 9.05
   17.57 2820 48.40     0.00    0  0.00  48 14 38  14.21 12.80 9.05
    8.56 7471 62.45     0.00    0  0.00  52 18 30  13.55 12.69 9.03
   14.76 7231 104.21     0.00    0  0.00  48 15 37  13.55 12.69 9.03
   10.70 7220 75.43     0.00    0  0.00  48 16 36  13.55 12.69 9.03
    8.82 7720 66.50     0.00    0  0.00  51 23 26  13.55 12.69 9.03
    9.05 7103 62.77     0.00    0  0.00  56 23 20  13.55 12.69 9.03
   10.11 6009 59.30     0.00    0  0.00  56 25 19  15.59 13.13 9.20
              disk0               disk4       cpu    load average
    KB/t  tps  MB/s     KB/t  tps  MB/s  us sy id   1m   5m   15m
   11.46 4618 51.68     0.00    0  0.00  55 26 20  15.59 13.13 9.20
   21.29 2331 48.45     0.00    0  0.00  68 21 11  15.59 13.13 9.20
   24.37 1568 37.31     0.00    0  0.00  69 20 12  15.59 13.13 9.20
   24.21 1997 47.21     0.00    0  0.00  74 19  6  15.59 13.13 9.20
   17.77 4771 82.80     0.00    0  0.00  70 22  8  17.78 13.62 9.40
    9.60 6119 57.35     0.00    0  0.00  63 22 15  17.78 13.62 9.40
   17.76 3619 62.76     0.00    0  0.00  66 21 14  17.78 13.62 9.40
   10.42 5645 57.47     0.00    0  0.00  63 21 16  17.78 13.62 9.40
   19.52 4335 82.65     0.00    0  0.00  63 15 22  17.78 13.62 9.40
   13.85 2723 36.82     0.00    0  0.00  61 14 25  17.72 13.68 9.45
   21.38 3063 63.96     0.00    0  0.00  61 15 23  17.72 13.68 9.45
   18.17 2413 42.83     0.00    0  0.00  62 15 22  17.72 13.68 9.45
   19.09 3680 68.62     0.00    0  0.00  63 18 19  17.72 13.68 9.45
   32.75 2095 66.98     0.00    0  0.00  65 18 16  17.72 13.68 9.45
   11.52 4643 52.26     0.00    0  0.00  64 20 17  17.58 13.72 9.48
    9.46 4713 43.55     0.00    0  0.00  69 21 10  17.58 13.72 9.48
   10.62 6263 64.98     0.00    0  0.00  68 20 12  17.58 13.72 9.48
    7.65 9228 68.95     0.00    0  0.00  62 18 20  17.58 13.72 9.48
   10.31 7795 78.47     0.00    0  0.00  61 18 21  17.58 13.72 9.48
    8.08 8441 66.63     0.00    0  0.00  61 18 21  16.81 13.62 9.47
              disk0               disk4       cpu    load average
    KB/t  tps  MB/s     KB/t  tps  MB/s  us sy id   1m   5m   15m
   13.71 5225 69.95     0.00    0  0.00  63 20 17  16.81 13.62 9.47
   12.24 6442 77.01     0.00    0  0.00  59 20 22  16.81 13.62 9.47
   12.38 4082 49.35     0.00    0  0.00  59 26 14  16.81 13.62 9.47
   13.09 3855 49.28     0.00    0  0.00  62 24 14  16.81 13.62 9.47
   12.67 3900 48.27     0.00    0  0.00  64 21 15  16.83 13.68 9.52
   10.45 5065 51.70     0.00    0  0.00  58 23 19  16.83 13.68 9.52
   10.00 5738 56.06     0.00    0  0.00  59 21 20  16.83 13.68 9.52
   12.25 6218 74.39     0.00    0  0.00  63 21 15  16.83 13.68 9.52
   10.93 7139 76.21     0.00    0  0.00  62 20 18  16.83 13.68 9.52
   18.23 2533 45.10     0.00    0  0.00  57 18 25  16.20 13.60 9.52
   20.66 3221 65.01     0.00    0  0.00  58 16 26  16.20 13.60 9.52
   17.42 1814 30.86     0.00    0  0.00  65 18 16  16.20 13.60 9.52
   23.68 2508 58.00     0.00    0  0.00  59 16 25  16.20 13.60 9.52
    8.15 6492 51.67     0.00    0  0.00  57 16 27  16.20 13.60 9.52
   13.64 5855 77.97     0.00    0  0.00  61 21 18  15.62 13.52 9.51
    8.11 5749 45.53     0.00    0  0.00  64 21 15  15.62 13.52 9.51
   12.26 7654 91.68     0.00    0  0.00  64 22 14  15.62 13.52 9.51
   13.25 3598 46.57     0.00    0  0.00  60 27 13  15.62 13.52 9.51
   17.20 2442 41.01     0.00    0  0.00  68 21 12  15.62 13.52 9.51
   11.28 4338 47.78     0.00    0  0.00  66 20 14  16.70 13.78 9.63
              disk0               disk4       cpu    load average
    KB/t  tps  MB/s     KB/t  tps  MB/s  us sy id   1m   5m   15m
   13.38 5392 70.47     0.00    0  0.00  69 22  9  16.70 13.78 9.63
   12.28 4144 49.71     0.00    0  0.00  66 24 10  16.70 13.78 9.63
   11.63 6773 76.94     0.00    0  0.00  62 21 16  16.70 13.78 9.63
    9.02 6934 61.08     0.00    0  0.00  62 21 17  16.70 13.78 9.63
   14.38 3837 53.88     0.00    0  0.00  69 21  9  16.16 13.72 9.63
   10.08 5515 54.31     0.00    0  0.00  64 21 16  16.16 13.72 9.63
   11.69 7283 83.14     0.00    0  0.00  65 21 14  16.16 13.72 9.63
   13.22 3527 45.54     0.00    0  0.00  60 26 14  16.16 13.72 9.63
   10.58 4667 48.20     0.00    0  0.00  72 19  8  16.16 13.72 9.63
   11.87 4301 49.86     0.00    0  0.00  74 21  5  17.51 14.04 9.76
   14.15 4229 58.41     0.00    0  0.00  69 23  9  17.51 14.04 9.76
   12.25 5267 63.02     0.00    0  0.00  68 23  9  17.51 14.04 9.76
   23.25 2555 58.02     0.00    0  0.00  69 18 13  17.51 14.04 9.76
   16.73 3717 60.73     0.00    0  0.00  62 23 14  17.51 14.04 9.76
    9.44 2637 24.32     0.00    0  0.00  69 24  8  17.55 14.10 9.81
   21.89 2316 49.50     0.00    0  0.00  74 20  6  17.55 14.10 9.81
   42.08 1316 54.09     0.00    0  0.00  69 22  9  17.55 14.10 9.81
   26.51 1689 43.73     0.00    0  0.00  69 25  6  17.55 14.10 9.81
   21.31 2167 45.11     0.00    0  0.00  73 25  3  17.55 14.10 9.81
   22.66 1352 29.92     0.00    0  0.00  73 21  6  18.62 14.38 9.94
              disk0               disk4       cpu    load average
    KB/t  tps  MB/s     KB/t  tps  MB/s  us sy id   1m   5m   15m
   25.43 2030 50.39     0.00    0  0.00  67 23 10  18.62 14.38 9.94
   36.05 1519 53.47     0.00    0  0.00  70 23  7  18.62 14.38 9.94
   23.43 1565 35.80     0.00    0  0.00  68 22 10  18.62 14.38 9.94
   26.63 1847 48.04     0.00    0  0.00  69 23  9  18.62 14.38 9.94
   21.97 2949 63.26     0.00    0  0.00  58 30 13  18.17 14.36 9.95
   16.53 2387 38.54     0.00    0  0.00  65 25  9  18.17 14.36 9.95
   15.32 2955 44.23     0.00    0  0.00  66 22 13  18.17 14.36 9.95
   11.12 6834 74.19     0.00    0  0.00  68 21 11  18.17 14.36 9.95
    9.25 6199 56.02     0.00    0  0.00  65 20 15  18.17 14.36 9.95
   11.17 5742 62.64     0.00    0  0.00  66 20 14  17.12 14.20 9.92
   10.72 5018 52.55     0.00    0  0.00  64 19 18  17.12 14.20 9.92
   11.57 6536 73.84     0.00    0  0.00  64 19 16  17.12 14.20 9.92
    8.36 7343 59.93     0.00    0  0.00  69 17 14  17.12 14.20 9.92
   13.42 4349 56.99     0.00    0  0.00  63 16 21  17.12 14.20 9.92
    9.08 6487 57.51     0.00    0  0.00  54 17 29  16.15 14.05 9.90
   10.18 7998 79.52     0.00    0  0.00  54 18 28  16.15 14.05 9.90
   12.02 7039 82.66     0.00    0  0.00  51 20 29  16.15 14.05 9.90
    7.69 9806 73.60     0.00    0  0.00  53 16 30  16.15 14.05 9.90
    7.79 9073 69.00     0.00    0  0.00  50 17 33  16.15 14.05 9.90
   10.86 6004 63.67     0.00    0  0.00  53 18 29  15.41 13.93 9.88
              disk0               disk4       cpu    load average
    KB/t  tps  MB/s     KB/t  tps  MB/s  us sy id   1m   5m   15m
   10.25 5307 53.11     0.00    0  0.00  55 17 29  15.41 13.93 9.88
   10.88 7099 75.39     0.00    0  0.00  53 16 32  15.41 13.93 9.88
    8.21 7921 63.53     0.00    0  0.00  52 17 31  15.41 13.93 9.88
   10.43 6685 68.09     0.00    0  0.00  48 14 39  15.41 13.93 9.88
   11.00 6916 74.31     0.00    0  0.00  52 16 32  15.38 13.95 9.91
    7.96 6128 47.64     0.00    0  0.00  51 15 34  15.38 13.95 9.91
    9.57 8696 81.29     0.00    0  0.00  49 15 36  15.38 13.95 9.91
    7.23 7494 52.91     0.00    0  0.00  53 16 31  15.38 13.95 9.91
   13.13 6566 84.17     0.00    0  0.00  50 18 32  15.38 13.95 9.91
   12.74 4451 55.37     0.00    0  0.00  55 19 25  14.71 13.84 9.89
    8.36 5754 46.99     0.00    0  0.00  55 17 28  14.71 13.84 9.89
   11.55 6462 72.87     0.00    0  0.00  49 15 36  14.71 13.84 9.89
   18.19 2404 42.70     0.00    0  0.00  49 14 38  14.71 13.84 9.89
    9.61 8758 82.17     0.00    0  0.00  49 16 35  14.71 13.84 9.89
    9.98 7456 72.68     0.00    0  0.00  54 17 29  14.01 13.71 9.87
    8.39 7620 62.43     0.00    0  0.00  52 16 32  14.01 13.71 9.87
    8.64 8690 73.33     0.00    0  0.00  49 15 36  14.01 13.71 9.87
    7.82 8514 64.99     0.00    0  0.00  54 16 29  14.01 13.71 9.87
   10.79 6345 66.88     0.00    0  0.00  49 16 34  14.01 13.71 9.87
    9.72 5751 54.59     0.00    0  0.00  52 16 32  13.37 13.58 9.84
              disk0               disk4       cpu    load average
    KB/t  tps  MB/s     KB/t  tps  MB/s  us sy id   1m   5m   15m
    9.66 9603 90.55     0.00    0  0.00  51 17 32  13.37 13.58 9.84
    8.98 7916 69.41     0.00    0  0.00  56 17 27  13.37 13.58 9.84
    9.28 7686 69.69     0.00    0  0.00  50 16 34  13.37 13.58 9.84
    8.47 7243 59.88     0.00    0  0.00  50 16 34  13.37 13.58 9.84
    9.37 8073 73.84     0.00    0  0.00  51 19 31  12.78 13.45 9.82
    8.43 7804 64.28     0.00    0  0.00  51 15 34  12.78 13.45 9.82
   12.06 5146 60.61     0.00    0  0.00  51 16 33  12.78 13.45 9.82
    8.72 5769 49.12     0.00    0  0.00  51 16 33  12.78 13.45 9.82
    9.89 8263 79.80     0.00    0  0.00  53 15 32  12.78 13.45 9.82
    7.75 7048 53.34     0.00    0  0.00  51 13 36  12.48 13.38 9.82
   34.60 1910 64.53     0.00    0  0.00  50 13 37  12.48 13.38 9.82
   30.87 1870 56.37     0.00    0  0.00  50 12 38  12.48 13.38 9.82
   19.91 3161 61.47     0.00    0  0.00  55 18 28  12.48 13.38 9.82
    8.87 5724 49.58     0.00    0  0.00  47 15 38  12.48 13.38 9.82
    8.94 8412 73.42     0.00    0  0.00  51 17 31  11.88 13.24 9.79
    8.16 7796 62.14     0.00    0  0.00  52 18 30  11.88 13.24 9.79
    9.75 8932 85.01     0.00    0  0.00  53 16 31  11.88 13.24 9.79
    9.16 7900 70.68     0.00    0  0.00  55 16 29  11.88 13.24 9.79
    8.69 7497 63.59     0.00    0  0.00  49 17 33  11.88 13.24 9.79
   13.00 4702 59.71     0.00    0  0.00  52 20 28  12.29 13.30 9.83
              disk0               disk4       cpu    load average
    KB/t  tps  MB/s     KB/t  tps  MB/s  us sy id   1m   5m   15m
    8.41 7431 61.00     0.00    0  0.00  49 17 34  12.29 13.30 9.83
    9.31 7983 72.61     0.00    0  0.00  55 18 27  12.29 13.30 9.83
   15.48 3081 46.56     0.00    0  0.00  55 15 29  12.29 13.30 9.83
   12.50 7191 87.82     0.00    0  0.00  53 17 30  12.29 13.30 9.83
    8.96 6407 56.05     0.00    0  0.00  51 22 26  13.39 13.51 9.93
   12.11 6282 74.26     0.00    0  0.00  53 22 25  13.39 13.51 9.93
    7.34 7422 53.19     0.00    0  0.00  54 17 29  13.39 13.51 9.93
   10.47 7614 77.83     0.00    0  0.00  55 16 29  13.39 13.51 9.93
    8.09 6458 51.01     0.00    0  0.00  52 17 31  13.39 13.51 9.93
   14.83 4533 65.64     0.00    0  0.00  49 17 34  13.19 13.47 9.93
    9.16 6633 59.32     0.00    0  0.00  49 15 36  13.19 13.47 9.93
    9.93 7119 69.02     0.00    0  0.00  49 14 37  13.19 13.47 9.93
   32.70 1803 57.57     0.00    0  0.00  49 13 38  13.19 13.47 9.93
   18.95 2393 44.27     0.00    0  0.00  49 13 38  13.19 13.47 9.93
   19.98 3178 62.00     0.00    0  0.00  47 14 39  13.18 13.46 9.95
   10.39 8654 87.78     0.00    0  0.00  48 20 32  13.18 13.46 9.95
    8.70 5501 46.76     0.00    0  0.00  57 18 24  13.18 13.46 9.95
    9.09 8150 72.32     0.00    0  0.00  52 16 33  13.18 13.46 9.95
    9.29 9517 86.35     0.00    0  0.00  50 14 35  13.18 13.46 9.95
    8.15 7814 62.17     0.00    0  0.00  53 15 32  12.52 13.32 9.92
              disk0               disk4       cpu    load average
    KB/t  tps  MB/s     KB/t  tps  MB/s  us sy id   1m   5m   15m
   11.09 5866 63.52     0.00    0  0.00  53 16 31  12.52 13.32 9.92
    9.19 6669 59.86     0.00    0  0.00  56 17 28  12.52 13.32 9.92
    8.17 9687 77.26     0.00    0  0.00  54 15 31  12.52 13.32 9.92
    8.14 8846 70.33     0.00    0  0.00  49 13 39  12.52 13.32 9.92
    9.16 7982 71.42     0.00    0  0.00  50 13 36  13.36 13.48 10.00
   10.73 8595 90.09     0.00    0  0.00  43 19 38  13.36 13.48 10.00
    7.71 9260 69.72     0.00    0  0.00  55 17 27  13.36 13.48 10.00
    7.61 9072 67.42     0.00    0  0.00  53 19 28  13.36 13.48 10.00
    7.81 9096 69.41     0.00    0  0.00  51 14 36  13.36 13.48 10.00
   10.53 6230 64.07     0.00    0  0.00  49 15 37  12.53 13.31 9.95
   10.25 7956 79.64     0.00    0  0.00  49 14 37  12.53 13.31 9.95
    6.59 13144 84.59     0.00    0  0.00  49 14 37  12.53 13.31 9.95
   13.76 4493 60.38     0.00    0  0.00  54 13 32  12.53 13.31 9.95
    9.98 7715 75.18     0.00    0  0.00  52 14 34  12.53 13.31 9.95
   10.70 7420 77.52     0.00    0  0.00  55 16 29  11.85 13.15 9.92
    7.67 9462 70.86     0.00    0  0.00  53 15 32  11.85 13.15 9.92
    9.50 8899 82.52     0.00    0  0.00  52 17 31  11.85 13.15 9.92
    9.05 8161 72.12     0.00    0  0.00  54 14 32  11.85 13.15 9.92
   11.37 6379 70.83     0.00    0  0.00  53 16 31  11.85 13.15 9.92
    8.18 8208 65.53     0.00    0  0.00  52 19 29  11.30 13.02 9.89
              disk0               disk4       cpu    load average
    KB/t  tps  MB/s     KB/t  tps  MB/s  us sy id   1m   5m   15m
    8.10 7970 63.05     0.00    0  0.00  54 19 27  11.30 13.02 9.89
    8.12 12033 95.39     0.00    0  0.00  51 16 33  11.30 13.02 9.89
   11.28 6443 70.95     0.00    0  0.00  53 14 33  11.30 13.02 9.89
   14.12 3220 44.41     0.00    0  0.00  53 11 36  11.30 13.02 9.89
    9.20 9362 84.13     0.00    0  0.00  49 13 39  10.79 12.88 9.86
    8.30 7834 63.50     0.00    0  0.00  53 14 33  10.79 12.88 9.86
    9.85 7182 69.06     0.00    0  0.00  52 17 31  10.79 12.88 9.86
    8.33 8041 65.42     0.00    0  0.00  54 15 31  10.79 12.88 9.86
    8.62 8701 73.22     0.00    0  0.00  49 13 38  10.79 12.88 9.86
    7.52 7248 53.25     0.00    0  0.00  49 14 36  10.41 12.77 9.84
   12.58 6016 73.88     0.00    0  0.00  52 16 32  10.41 12.77 9.84
   12.53 6717 82.20     0.00    0  0.00  50 17 33  10.41 12.77 9.84
    7.46 9827 71.59     0.00    0  0.00  54 19 27  10.41 12.77 9.84
    8.79 7815 67.12     0.00    0  0.00  55 14 31  10.41 12.77 9.84
    7.22 8041 56.67     0.00    0  0.00  46 16 38  10.14 12.67 9.82
   10.09 8186 80.68     0.00    0  0.00  47 14 39  10.14 12.67 9.82
    7.23 8210 57.96     0.00    0  0.00  49 16 35  10.14 12.67 9.82
   10.06 7996 78.58     0.00    0  0.00  53 16 30  10.14 12.67 9.82
   10.22 6950 69.37     0.00    0  0.00  51 16 32  10.14 12.67 9.82
   10.16 5392 53.49     0.00    0  0.00  50 16 34  9.56 12.51 9.78
              disk0               disk4       cpu    load average
    KB/t  tps  MB/s     KB/t  tps  MB/s  us sy id   1m   5m   15m
   10.06 6706 65.90     0.00    0  0.00  47 16 37  9.56 12.51 9.78
    9.43 6271 57.73     0.00    0  0.00  48 15 38  9.56 12.51 9.78
   11.44 5727 63.97     0.00    0  0.00  54 16 30  9.56 12.51 9.78
    8.93 9589 83.63     0.00    0  0.00  52 16 33  9.56 12.51 9.78
   11.30 7426 81.97     0.00    0  0.00  49 18 32  9.28 12.40 9.76
    8.69 7826 66.39     0.00    0  0.00  48 17 35  9.28 12.40 9.76
    9.96 6948 67.57     0.00    0  0.00  54 16 30  9.28 12.40 9.76
    9.13 6584 58.68     0.00    0  0.00  52 18 29  9.28 12.40 9.76
   11.56 5541 62.53     0.00    0  0.00  57 17 26  9.28 12.40 9.76
    9.42 6125 56.37     0.00    0  0.00  51 15 34  9.34 12.36 9.76
    8.36 8833 72.12     0.00    0  0.00  43 16 41  9.34 12.36 9.76
    8.29 10862 87.94     0.00    0  0.00  47 24 28  9.34 12.36 9.76
    7.04 12204 83.94     0.00    0  0.00  53 23 24  9.34 12.36 9.76
    8.09 9124 72.09     0.00    0  0.00  53 23 25  9.34 12.36 9.76
    8.25 8939 71.99     0.00    0  0.00  50 23 28  11.63 12.79 9.92
   10.18 5815 57.79     0.00    0  0.00  53 27 21  11.63 12.79 9.92
    9.38 6128 56.15     0.00    0  0.00  59 33  8  11.63 12.79 9.92
   17.42 2797 47.58     0.00    0  0.00  63 15 23  11.63 12.79 9.92
   13.36 3810 49.71     0.00    0  0.00  59 16 25  11.63 12.79 9.92
   22.50 2570 56.46     0.00    0  0.00  60 14 26  12.94 13.04 10.03
              disk0               disk4       cpu    load average
    KB/t  tps  MB/s     KB/t  tps  MB/s  us sy id   1m   5m   15m
   23.91 2097 48.97     0.00    0  0.00  61 15 24  12.94 13.04 10.03
    9.31 6310 57.39     0.00    0  0.00  61 16 22  12.94 13.04 10.03
   16.60 3882 62.91     0.00    0  0.00  62 14 24  12.94 13.04 10.03
   11.00 4041 43.43     0.00    0  0.00  59 15 26  12.94 13.04 10.03
   13.77 5072 68.19     0.00    0  0.00  60 17 23  12.47 12.94 10.01
    8.23 7964 63.97     0.00    0  0.00  55 16 29  12.47 12.94 10.01
   10.01 7022 68.68     0.00    0  0.00  54 18 28  12.47 12.94 10.01
   12.53 5908 72.30     0.00    0  0.00  56 18 26  12.47 12.94 10.01
   10.70 6352 66.37     0.00    0  0.00  56 18 26  12.47 12.94 10.01
   14.85 5407 78.39     0.00    0  0.00  55 17 27  12.03 12.84 9.99
    9.82 6623 63.48     0.00    0  0.00  59 25 16  12.03 12.84 9.99
    9.34 7568 69.06     0.00    0  0.00  54 20 26  12.03 12.84 9.99
    8.48 6768 56.08     0.00    0  0.00  51 13 36  12.03 12.84 9.99
   13.09 6943 88.72     0.00    0  0.00  53 16 31  12.03 12.84 9.99
   10.18 5799 57.66     0.00    0  0.00  56 16 28  12.59 12.94 10.05
    7.81 10933 83.43     0.00    0  0.00  51 16 33  12.59 12.94 10.05
    9.91 8241 79.72     0.00    0  0.00  51 17 33  12.59 12.94 10.05
    8.48 6482 53.65     0.00    0  0.00  50 18 32  12.59 12.94 10.05
   14.84 4701 68.14     0.00    0  0.00  55 19 26  12.59 12.94 10.05
    7.90 6855 52.86     0.00    0  0.00  52 15 33  12.30 12.88 10.04
              disk0               disk4       cpu    load average
    KB/t  tps  MB/s     KB/t  tps  MB/s  us sy id   1m   5m   15m
    9.74 8428 80.17     0.00    0  0.00  50 16 34  12.30 12.88 10.04
   20.41 2191 43.68     0.00    0  0.00  51 13 37  12.30 12.88 10.04
   22.15 3031 65.57     0.00    0  0.00  49 16 35  12.30 12.88 10.04
   20.43 2893 57.73     0.00    0  0.00  52 16 32  12.27 12.86 10.05
   10.90 6310 67.19     0.00    0  0.00  52 14 34  12.27 12.86 10.05
    8.01 8374 65.54     0.00    0  0.00  51 17 33  12.27 12.86 10.05
    9.41 7819 71.85     0.00    0  0.00  51 18 30  12.27 12.86 10.05
    8.86 10162 87.92     0.00    0  0.00  48 16 36  12.27 12.86 10.05
    8.42 7693 63.22     0.00    0  0.00  47 19 34  14.25 13.26 10.21
   10.75 5662 59.43     0.00    0  0.00  55 21 24  14.25 13.26 10.21
   10.23 5809 58.06     0.00    0  0.00  53 22 25  14.25 13.26 10.21
   11.37 4915 54.57     0.00    0  0.00  48 23 28  14.25 13.26 10.21
   23.45 2638 60.42     0.00    0  0.00  65 16 19  14.25 13.26 10.21
   42.89 4889 204.78     0.00    0  0.00  68 22 11  15.51 13.54 10.33
   20.37 6590 131.09     0.00    0  0.00  60 24 16  15.51 13.54 10.33
   15.05 4707 69.20     0.00    0  0.00  53 20 28  15.51 13.54 10.33
    9.48 6592 61.02     0.00    0  0.00  54 18 27  15.51 13.54 10.33
   12.31 6195 74.50     0.00    0  0.00  54 19 27  15.51 13.54 10.33
    9.54 5996 55.88     0.00    0  0.00  54 17 29  14.99 13.47 10.32
    8.53 11113 92.62     0.00    0  0.00  52 16 31  14.99 13.47 10.32
              disk0               disk4       cpu    load average
    KB/t  tps  MB/s     KB/t  tps  MB/s  us sy id   1m   5m   15m
   11.62 3597 40.82     0.00    0  0.00  57 20 24  14.99 13.47 10.32
   33.33 1775 57.79     0.00    0  0.00  54 13 33  14.99 13.47 10.32
   13.46 4565 60.02     0.00    0  0.00  65 20 15  14.99 13.47 10.32
   15.00 4618 67.64     0.00    0  0.00  63 17 20  14.19 13.32 10.29
   11.40 6458 71.90     0.00    0  0.00  51 20 29  14.19 13.32 10.29
    8.90 7322 63.64     0.00    0  0.00  55 18 27  14.19 13.32 10.29
   10.33 7817 78.86     0.00    0  0.00  53 19 28  14.19 13.32 10.29
    7.32 7480 53.47     0.00    0  0.00  52 19 29  14.19 13.32 10.29
   11.77 6416 73.75     0.00    0  0.00  48 18 34  13.46 13.19 10.25
    7.69 6557 49.26     0.00    0  0.00  47 17 36  13.46 13.19 10.25
   10.07 8234 80.94     0.00    0  0.00  47 14 39  13.46 13.19 10.25
   21.39 2059 43.02     0.00    0  0.00  47 14 39  13.46 13.19 10.25
   21.48 3225 67.65     0.00    0  0.00  47 22 31  13.46 13.19 10.25
   11.12 5003 54.34     0.00    0  0.00  53 22 25  15.10 13.53 10.39
   18.45 3600 64.85     0.00    0  0.00  51 21 29  15.10 13.53 10.39
   15.90 3030 47.04     0.00    0  0.00  60 20 19  15.10 13.53 10.39
   11.74 5160 59.17     0.00    0  0.00  55 19 25  15.10 13.53 10.39
    9.90 6379 61.66     0.00    0  0.00  53 20 28  15.10 13.53 10.39
   11.69 6553 74.80     0.00    0  0.00  52 17 31  14.29 13.39 10.36
    7.00 8287 56.66     0.00    0  0.00  47 15 38  14.29 13.39 10.36
              disk0               disk4       cpu    load average
    KB/t  tps  MB/s     KB/t  tps  MB/s  us sy id   1m   5m   15m
   10.55 7918 81.58     0.00    0  0.00  48 14 38  14.29 13.39 10.36
    7.49 6873 50.27     0.00    0  0.00  52 21 28  14.29 13.39 10.36
   10.07 7082 69.66     0.00    0  0.00  50 15 34  14.29 13.39 10.36
   15.13 4523 66.83     0.00    0  0.00  54 17 29  13.63 13.27 10.34
    8.98 5010 43.94     0.00    0  0.00  49 16 36  13.63 13.27 10.34
    9.03 9609 84.77     0.00    0  0.00  47 14 39  13.63 13.27 10.34
   10.41 5218 53.03     0.00    0  0.00  52 15 34  13.63 13.27 10.34
   33.96 1997 66.21     0.00    0  0.00  50 13 37  13.63 13.27 10.34
   25.57 2359 58.92     0.00    0  0.00  50 18 32  15.34 13.63 10.48
   14.25 3291 45.80     0.00    0  0.00  50 24 25  15.34 13.63 10.48
   16.05 3147 49.34     0.00    0  0.00  63 14 23  15.34 13.63 10.48
   14.02 4490 61.49     0.00    0  0.00  54 18 28  15.34 13.63 10.48
   16.27 4212 66.94     0.00    0  0.00  53 18 29  15.34 13.63 10.48
   10.20 7786 77.59     0.00    0  0.00  55 19 26  14.83 13.55 10.47
   15.27 4356 64.95     0.00    0  0.00  58 17 25  14.83 13.55 10.47
    7.60 7083 52.54     0.00    0  0.00  52 16 32  14.83 13.55 10.47
    8.71 8555 72.77     0.00    0  0.00  52 18 30  14.83 13.55 10.47
    8.46 7509 62.03     0.00    0  0.00  51 16 33  14.83 13.55 10.47
   10.28 6467 64.89     0.00    0  0.00  54 14 32  14.20 13.44 10.45
   15.46 4911 74.16     0.00    0  0.00  46 22 32  14.20 13.44 10.45
              disk0               disk4       cpu    load average
    KB/t  tps  MB/s     KB/t  tps  MB/s  us sy id   1m   5m   15m
   16.19 2820 44.58     0.00    0  0.00  57 20 23  14.20 13.44 10.45
   11.83 5520 63.78     0.00    0  0.00  61 19 20  14.20 13.44 10.45
   12.60 4103 50.50     0.00    0  0.00  54 19 27  14.20 13.44 10.45
   17.71 3583 61.98     0.00    0  0.00  62 19 19  14.03 13.42 10.46
    6.69 8987 58.75     0.00    0  0.00  54 19 26  14.03 13.42 10.46
   11.14 7153 77.85     0.00    0  0.00  58 17 25  14.03 13.42 10.46
   14.76 4641 66.88     0.00    0  0.00  45 23 32  14.03 13.42 10.46
   23.40 2150 49.13     0.00    0  0.00  62 17 22  14.03 13.42 10.46
   27.55 1065 28.65     0.00    0  0.00  58 18 24  14.19 13.46 10.49
   19.35 3285 62.08     0.00    0  0.00  55 19 26  14.19 13.46 10.49
   14.86 5212 75.66     0.00    0  0.00  51 19 30  14.19 13.46 10.49
   11.00 3170 34.06     0.00    0  0.00  55 19 26  14.19 13.46 10.49
   11.11 7291 79.14     0.00    0  0.00  53 19 28  14.19 13.46 10.49
   17.42 3574 60.80     0.00    0  0.00  48 21 31  16.17 13.88 10.66
    9.92 4524 43.81     0.00    0  0.00  58 22 20  16.17 13.88 10.66
   16.59 3742 60.62     0.00    0  0.00  52 22 25  16.17 13.88 10.66
   16.64 3840 62.40     0.00    0  0.00  60 20 20  16.17 13.88 10.66
   22.53 2772 60.99     0.00    0  0.00  54 20 26  16.17 13.88 10.66
   10.57 3908 40.35     0.00    0  0.00  49 27 24  18.40 14.38 10.85
   15.24 3839 57.14     0.00    0  0.00  48 34 18  18.40 14.38 10.85
              disk0               disk4       cpu    load average
    KB/t  tps  MB/s     KB/t  tps  MB/s  us sy id   1m   5m   15m
   18.96 2087 38.63     0.00    0  0.00  59 23 18  18.40 14.38 10.85
   11.00 8845 94.99     0.00    0  0.00  39 16 46  18.40 14.38 10.85
   14.10 8275 113.91     0.00    0  0.00  25 12 63  18.40 14.38 10.85
   19.16 6177 115.57     0.00    0  0.00  22 13 64  18.13 14.39 10.88
   11.18 5437 59.33     0.00    0  0.00  25 19 56  18.13 14.39 10.88
   16.26 6245 99.19     0.00    0  0.00  23 15 62  18.13 14.39 10.88
   24.65 4313 103.83     0.00    0  0.00  30 15 55  18.13 14.39 10.88
   46.06 3394 152.66     0.00    0  0.00  28 14 58  18.13 14.39 10.88
   18.89 8567 158.02     0.00    0  0.00  21 12 67  17.48 14.32 10.87
   13.86 7424 100.46     0.00    0  0.00  17 11 72  17.48 14.32 10.87
   29.52 6889 198.58     0.00    0  0.00  24 16 60  17.48 14.32 10.87
   23.95 7166 167.59     0.00    0  0.00  37 16 47  17.48 14.32 10.87
    6.80 9901 65.73     0.00    0  0.00  21 10 69  17.48 14.32 10.87
   13.86 7735 104.72     0.00    0  0.00  19 11 70  16.32 14.13 10.83
   18.46 5843 105.34     0.00    0  0.00  27 16 58  16.32 14.13 10.83
   25.11 3479 85.33     0.00    0  0.00  23 15 62  16.32 14.13 10.83
    9.36 5548 50.70     0.00    0  0.00  26 16 58  16.32 14.13 10.83
   13.77 8341 112.17     0.00    0  0.00  22 11 66  16.32 14.13 10.83
   25.43 4037 100.28     0.00    0  0.00  20  9 70  15.33 13.96 10.79
   11.63 7547 85.73     0.00    0  0.00  21 12 67  15.33 13.96 10.79
              disk0               disk4       cpu    load average
    KB/t  tps  MB/s     KB/t  tps  MB/s  us sy id   1m   5m   15m
   11.77 6303 72.45     0.00    0  0.00  22 12 65  15.33 13.96 10.79
   14.94 7008 102.22     0.00    0  0.00  26 14 60  15.33 13.96 10.79
   14.77 6907 99.62     0.00    0  0.00  25 12 64  15.33 13.96 10.79
    8.77 8265 70.78     0.00    0  0.00  20 13 67  14.90 13.90 10.78
   11.96 7145 83.42     0.00    0  0.00  19 14 66  14.90 13.90 10.78
   13.71 7539 100.92     0.00    0  0.00  21 13 66  14.90 13.90 10.78
   14.91 7435 108.26     0.00    0  0.00  23 13 63  14.90 13.90 10.78
   18.78 1651 30.28     0.00    0  0.00  28 14 57  14.90 13.90 10.78
   60.90 2022 120.22     0.00    0  0.00  20 12 68  14.03 13.73 10.74
   23.27 5156 117.18     0.00    0  0.00  23 13 63  14.03 13.73 10.74
   14.78 7804 112.60     0.00    0  0.00  21 10 69  14.03 13.73 10.74
    8.85 6992 60.43     0.00    0  0.00  22 16 62  14.03 13.73 10.74
   14.34 8096 113.39     0.00    0  0.00  22 11 67  14.03 13.73 10.74
   15.68 7241 110.84     0.00    0  0.00  17 11 72  13.07 13.54 10.69
   17.14 6102 102.11     0.00    0  0.00  18 13 69  13.07 13.54 10.69
   10.79 4170 43.93     0.00    0  0.00  19 16 66  13.07 13.54 10.69
   19.82 5162 99.90     0.00    0  0.00  20 16 64  13.07 13.54 10.69
   14.67 7700 110.34     0.00    0  0.00  23 11 66  13.07 13.54 10.69
   15.12 5330 78.73     0.00    0  0.00  16 10 74  12.34 13.38 10.65
   39.59 8843 341.85     0.00    0  0.00  19 15 65  12.34 13.38 10.65
              disk0               disk4       cpu    load average
    KB/t  tps  MB/s     KB/t  tps  MB/s  us sy id   1m   5m   15m
   35.04 9143 312.85     0.00    0  0.00  28 20 52  12.34 13.38 10.65
   11.21 8678 94.99     0.00    0  0.00  18 14 68  12.34 13.38 10.65
   14.98 3964 58.00     0.00    0  0.00  35 19 46  12.34 13.38 10.65
