---------NEW-TRIAL----------
              disk0               disk4       cpu    load average
    KB/t  tps  MB/s     KB/t  tps  MB/s  us sy id   1m   5m   15m
   16.99  354  5.87     8.60    0  0.00  15  5 79  4.02 3.61 3.58
    4.82 5641 26.56     0.00    0  0.00  29 12 59  4.02 3.61 3.58
    4.03 5744 22.61     0.00    0  0.00  29 10 61  4.02 3.61 3.58
    6.41 7110 44.50     0.00    0  0.00  27 11 61  4.02 3.61 3.58
    7.44 6272 45.56     0.00    0  0.00  33 11 56  4.18 3.65 3.60
    6.13 6797 40.68     0.00    0  0.00  25 10 64  4.18 3.65 3.60
    5.96 7118 41.40     0.00    0  0.00  24 10 66  4.18 3.65 3.60
    6.15 6900 41.41     0.00    0  0.00  23 10 67  4.18 3.65 3.60
    4.39 6373 27.34     0.00    0  0.00  28 11 61  4.18 3.65 3.60
    6.12 7057 42.18     0.00    0  0.00  24 10 66  4.08 3.64 3.59
    6.29 6656 40.89     0.00    0  0.00  23 10 67  4.08 3.64 3.59
    6.24 6628 40.40     0.00    0  0.00  25 11 65  4.08 3.64 3.59
    6.75 8463 55.82     0.00    0  0.00  31 14 55  4.08 3.64 3.59
    8.76 8286 70.87     0.00    0  0.00  43 14 43  4.08 3.64 3.59
   27.56 3408 91.70     0.00    0  0.00  42  8 49  4.56 3.75 3.63
   27.25  256  6.81     0.00    0  0.00  35  4 61  4.56 3.75 3.63
   15.68 1739 26.63     0.00    0  0.00  36  5 60  4.56 3.75 3.63
    9.22 5281 47.53     0.00    0  0.00  39  7 53  4.56 3.75 3.63
    4.04 4954 19.52     0.00    0  0.00  38 11 52  4.56 3.75 3.63
   15.75 12972 199.47     0.00    0  0.00  29 18 54  4.19 3.68 3.61
              disk0               disk4       cpu    load average
    KB/t  tps  MB/s     KB/t  tps  MB/s  us sy id   1m   5m   15m
    5.61 7498 41.06     0.00    0  0.00  36 13 51  4.19 3.68 3.61
    6.25 7087 43.26     0.00    0  0.00  41 13 47  4.19 3.68 3.61
    4.77 6651 31.00     0.00    0  0.00  53 16 31  4.19 3.68 3.61
   10.25 7324 73.31     0.00    0  0.00  56 10 34  4.19 3.68 3.61
    8.93 9361 81.67     0.00    0  0.00  47 11 41  4.34 3.72 3.62
    9.37 12176 111.40     0.00    0  0.00  42 14 44  4.34 3.72 3.62
   17.45 10433 177.81     0.00    0  0.00  50 15 35  4.34 3.72 3.62
    9.36 9634 88.09     0.00    0  0.00  41 15 44  4.34 3.72 3.62
   13.72 4838 64.81     0.00    0  0.00  51 10 39  4.34 3.72 3.62
   15.04 5369 78.89     0.00    0  0.00  54 12 34  4.55 3.77 3.64
   10.78 6983 73.54     0.00    0  0.00  53 14 33  4.55 3.77 3.64
   10.43 10208 103.99     0.00    0  0.00  57 19 25  4.55 3.77 3.64
    7.44 6648 48.33     0.00    0  0.00  55 18 27  4.55 3.77 3.64
    9.37 8241 75.38     0.00    0  0.00  59 13 28  4.55 3.77 3.64
    6.62 11083 71.62     0.00    0  0.00  53 13 34  5.23 3.93 3.70
   10.65 10473 108.96     0.00    0  0.00  37 12 52  5.23 3.93 3.70
    9.74 8904 84.68     0.00    0  0.00  37  9 54  5.23 3.93 3.70
    6.29 6084 37.39     0.00    0  0.00  26  7 67  5.23 3.93 3.70
    5.72 5726 32.00     0.00    0  0.00  32  6 62  5.23 3.93 3.70
    6.53 3531 22.52     0.00    0  0.00  46  3 51  5.53 4.01 3.73
              disk0               disk4       cpu    load average
    KB/t  tps  MB/s     KB/t  tps  MB/s  us sy id   1m   5m   15m
    6.95 6002 40.75     0.00    0  0.00  28  6 66  5.53 4.01 3.73
    5.81 6608 37.50     0.00    0  0.00  26  5 68  5.53 4.01 3.73
    5.89 6405 36.81     0.00    0  0.00  26  6 68  5.53 4.01 3.73
   14.72 1004 14.44     0.00    0  0.00  25  2 72  5.53 4.01 3.73
   16.45 7428 119.35     0.00    0  0.00  16  6 78  5.33 3.99 3.72
   18.37 1046 18.76     0.00    0  0.00  25  1 73  5.33 3.99 3.72
   15.16 1266 18.75     0.00    0  0.00  23  2 75  5.33 3.99 3.72
   56.56 5365 296.33     0.00    0  0.00  26  4 69  5.33 3.99 3.72
   27.30 4406 117.45     0.00    0  0.00  26  5 70  5.33 3.99 3.72
   26.51 1562 40.44     0.00    0  0.00  37  4 59  5.14 3.98 3.72
   22.77 3276 72.84     0.00    0  0.00  44  4 52  5.14 3.98 3.72
   15.29 3677 54.92     0.00    0  0.00  42  4 54  5.14 3.98 3.72
   17.70 4560 78.84     0.00    0  0.00  41  7 53  5.14 3.98 3.72
   17.28 1553 26.20     0.00    0  0.00  30  3 66  5.14 3.98 3.72
    6.34 9671 59.93     0.00    0  0.00  35  5 59  4.97 3.96 3.71
   11.50 4012 45.05     0.00    0  0.00  49  5 46  4.97 3.96 3.71
   13.35 7815 101.88     0.00    0  0.00  32  6 62  4.97 3.96 3.71
   17.35 9166 155.34     0.00    0  0.00  47  7 46  4.97 3.96 3.71
   11.32 7920 87.58     0.00    0  0.00  36  9 56  4.97 3.96 3.71
   15.26 4680 69.75     0.00    0  0.00  23  6 71  4.89 3.96 3.72
              disk0               disk4       cpu    load average
    KB/t  tps  MB/s     KB/t  tps  MB/s  us sy id   1m   5m   15m
    9.18 6023 54.01     0.00    0  0.00  21  5 75  4.89 3.96 3.72
   14.34 2646 37.07     0.00    0  0.00  16  3 81  4.89 3.96 3.72
   10.07 1854 18.24     0.00    0  0.00  25  3 72  4.89 3.96 3.72
   48.58  283 13.41     0.00    0  0.00  30  2 68  4.89 3.96 3.72
   21.04  789 16.22     0.00    0  0.00  13  1 86  4.58 3.91 3.70
   30.00  545 15.97     0.00    0  0.00  13  1 86  4.58 3.91 3.70
   13.81 1188 16.02     0.00    0  0.00  12  1 87  4.58 3.91 3.70
    9.14    7  0.06     0.00    0  0.00  13  1 86  4.58 3.91 3.70
   13.52 1214 16.03     0.00    0  0.00  13  1 86  4.58 3.91 3.70
   66.91  245 16.00     0.00    0  0.00  13  1 86  4.29 3.86 3.68
    4.68   53  0.24     0.00    0  0.00  14  1 85  4.29 3.86 3.68
    6.75   16  0.10     0.00    0  0.00  14  1 84  4.29 3.86 3.68
    0.00    0  0.00     0.00    0  0.00  13  1 86  4.29 3.86 3.68
   18.43 2228 40.11     0.00    0  0.00  23  3 74  4.29 3.86 3.68
   18.36 4005 71.81     0.00    0  0.00  30  4 66  4.19 3.85 3.68
   18.40 3872 69.57     0.00    0  0.00  30  4 66  4.19 3.85 3.68
   12.95 4489 56.76     0.00    0  0.00  23  4 73  4.19 3.85 3.68
   15.46 3947 59.58     0.00    0  0.00  17  4 79  4.19 3.85 3.68
    8.92 5138 44.76     0.00    0  0.00  27  5 68  4.19 3.85 3.68
   32.49 1478 46.89     0.00    0  0.00  37  4 59  4.25 3.87 3.69
              disk0               disk4       cpu    load average
    KB/t  tps  MB/s     KB/t  tps  MB/s  us sy id   1m   5m   15m
   22.19 3320 71.93     0.00    0  0.00  30  4 66  4.25 3.87 3.69
   18.89 4608 85.03     0.00    0  0.00  44  5 52  4.25 3.87 3.69
   11.44 4916 54.93     0.00    0  0.00  24  5 72  4.25 3.87 3.69
    9.67 8601 81.19     0.00    0  0.00  23  5 72  4.25 3.87 3.69
   10.29 2493 25.05     0.00    0  0.00  14  3 83  3.99 3.82 3.67
   24.66   61  1.46     0.00    0  0.00  28  2 71  3.99 3.82 3.67
   22.75 1256 27.91     0.00    0  0.00  27  2 72  3.99 3.82 3.67
   30.73  533 15.99     0.00    0  0.00  13  1 86  3.99 3.82 3.67
   17.59  940 16.14     0.00    0  0.00  13  1 86  3.99 3.82 3.67
   11.51  461  5.18     0.00    0  0.00  14  1 85  3.75 3.77 3.65
   23.93  464 10.85     0.00    0  0.00  14  1 84  3.75 3.77 3.65
   16.14 1041 16.40     0.00    0  0.00  13  1 86  3.75 3.77 3.65
   10.04 2295 22.51     0.00    0  0.00  14  2 84  3.75 3.77 3.65
   19.00 2384 44.24     0.00    0  0.00  21  4 75  3.75 3.77 3.65
  242.95  204 48.44     0.00    0  0.00  16  3 82  3.61 3.74 3.64
    0.00    0  0.00     0.00    0  0.00  14  1 86  3.61 3.74 3.64
   10.19 2486 24.74     0.00    0  0.00  22  3 76  3.61 3.74 3.64
   13.09 5682 72.62     0.00    0  0.00  25  4 71  3.61 3.74 3.64
   15.22 4233 62.93     0.00    0  0.00  35  4 61  3.61 3.74 3.64
   13.06 5384 68.66     0.00    0  0.00  23  5 72  3.48 3.71 3.63
              disk0               disk4       cpu    load average
    KB/t  tps  MB/s     KB/t  tps  MB/s  us sy id   1m   5m   15m
   18.33 1899 33.99     0.00    0  0.00  18  3 79  3.48 3.71 3.63
   28.95 2191 61.93     0.00    0  0.00  24  4 72  3.48 3.71 3.63
  125.73 1334 163.86     0.00    0  0.00  42  4 53  3.48 3.71 3.63
   20.24 3699 73.10     0.00    0  0.00  23  3 74  3.48 3.71 3.63
   11.86 6623 76.67     0.00    0  0.00  41  6 53  3.52 3.72 3.64
   13.04 4942 62.92     0.00    0  0.00  32  5 63  3.52 3.72 3.64
   13.61 5394 71.68     0.00    0  0.00  22  4 74  3.52 3.72 3.64
   10.36 6625 67.06     0.00    0  0.00  19  5 76  3.52 3.72 3.64
    8.63   38  0.32     0.00    0  0.00  18  1 80  3.52 3.72 3.64
   10.67 2701 28.13     0.00    0  0.00  34  2 64  3.48 3.71 3.63
   12.72 1820 22.61     0.00    0  0.00  15  2 83  3.48 3.71 3.63
   16.25 1009 16.02     0.00    0  0.00  13  1 85  3.48 3.71 3.63
   10.70  443  4.63     0.00    0  0.00  14  2 84  3.48 3.71 3.63
   24.78  588 14.22     0.00    0  0.00  13  1 85  3.48 3.71 3.63
    8.29 1985 16.07     0.00    0  0.00  12  1 87  3.28 3.66 3.62
   14.76 2244 32.35     0.00    0  0.00  16  3 81  3.28 3.66 3.62
    9.48   27  0.25     0.00    0  0.00  14  3 83  3.28 3.66 3.62
    4.67   12  0.05     0.00    0  0.00  13  1 85  3.28 3.66 3.62
   11.33    6  0.07     0.00    0  0.00  14  1 85  3.28 3.66 3.62
   11.22 1466 16.06     0.00    0  0.00  17  2 81  3.10 3.62 3.60
              disk0               disk4       cpu    load average
    KB/t  tps  MB/s     KB/t  tps  MB/s  us sy id   1m   5m   15m
   20.05 3308 64.75     0.00    0  0.00  24  4 72  3.10 3.62 3.60
   15.41 3775 56.81     0.00    0  0.00  24  4 73  3.10 3.62 3.60
   14.84 4995 72.39     0.00    0  0.00  37  5 58  3.10 3.62 3.60
   12.69 5144 63.73     0.00    0  0.00  19  3 77  3.10 3.62 3.60
   14.88 2192 31.85     0.00    0  0.00  22  3 75  3.09 3.61 3.60
   10.63 3889 40.39     0.00    0  0.00  34  4 62  3.09 3.61 3.60
    9.11 7715 68.66     0.00    0  0.00  26  4 70  3.09 3.61 3.60
   13.10 5059 64.70     0.00    0  0.00  34  5 61  3.09 3.61 3.60
   12.78 6169 77.00     0.00    0  0.00  38  4 58  3.09 3.61 3.60
   21.51 3458 72.64     0.00    0  0.00  23  4 73  3.00 3.58 3.59
   13.28 5880 76.25     0.00    0  0.00  22  5 72  3.00 3.58 3.59
    6.61 1290  8.33     0.00    0  0.00  26  7 67  3.00 3.58 3.59
   16.87 4470 73.64     0.00    0  0.00  42  5 53  3.00 3.58 3.59
   17.28 4070 68.68     0.00    0  0.00  42  5 53  3.00 3.58 3.59
   13.29 6044 78.46     0.00    0  0.00  22  4 75  2.84 3.54 3.57
    8.39 8516 69.79     0.00    0  0.00  22  5 74  2.84 3.54 3.57
   15.42 2515 37.87     0.00    0  0.00  25  4 72  2.84 3.54 3.57
   16.74 4961 81.12     0.00    0  0.00  23  5 72  2.84 3.54 3.57
   14.14 3944 54.45     0.00    0  0.00  41  6 53  2.84 3.54 3.57
   11.42 7076 78.92     0.00    0  0.00  33  4 62  3.02 3.56 3.58
              disk0               disk4       cpu    load average
    KB/t  tps  MB/s     KB/t  tps  MB/s  us sy id   1m   5m   15m
   13.85 5638 76.27     0.00    0  0.00  23  4 74  3.02 3.56 3.58
   14.55 2203 31.31     0.00    0  0.00  26  4 70  3.02 3.56 3.58
   12.83 4907 61.50     0.00    0  0.00  24  5 71  3.02 3.56 3.58
   12.37 5366 64.85     0.00    0  0.00  33  5 62  3.02 3.56 3.58
   21.41 3955 82.67     0.00    0  0.00  39  5 56  3.17 3.58 3.59
    9.87 7792 75.12     0.00    0  0.00  32  5 63  3.17 3.58 3.59
   10.59 5474 56.61     0.00    0  0.00  32  4 64  3.17 3.58 3.59
    4.24 10767 44.56     0.00    0  0.00  36  5 59  3.17 3.58 3.59
    5.88 12619 72.49     0.00    0  0.00  49  5 47  3.17 3.58 3.59
    5.70 8222 45.80     0.00    0  0.00  45  4 51  3.40 3.62 3.60
    5.27 13370 68.79     0.00    0  0.00  31  5 64  3.40 3.62 3.60
    4.15 13254 53.66     0.00    0  0.00  34  5 61  3.40 3.62 3.60
    5.14 13063 65.57     0.00    0  0.00  34  5 62  3.40 3.62 3.60
    5.70 14367 79.96     0.00    0  0.00  26  5 69  3.40 3.62 3.60
    7.16 11780 82.38     0.00    0  0.00  35  6 59  3.29 3.60 3.59
    6.40 8131 50.84     0.00    0  0.00  47  5 48  3.29 3.60 3.59
    5.07 14975 74.13     0.00    0  0.00  37  6 56  3.29 3.60 3.59
    6.78 9727 64.40     0.00    0  0.00  45  5 50  3.29 3.60 3.59
    6.93 12321 83.38     0.00    0  0.00  40  6 55  3.29 3.60 3.59
   10.80 6868 72.45     0.00    0  0.00  36  4 59  3.26 3.59 3.59
              disk0               disk4       cpu    load average
    KB/t  tps  MB/s     KB/t  tps  MB/s  us sy id   1m   5m   15m
   10.87 9556 101.43     0.00    0  0.00  24  7 68  3.26 3.59 3.59
   33.55 3745 122.67     0.00    0  0.00  31  6 63  3.26 3.59 3.59
    9.16 7448 66.65     0.00    0  0.00  29  8 63  3.26 3.59 3.59
    6.87 4524 30.35     0.00    0  0.00  26 14 61  3.26 3.59 3.59
   16.41 2441 39.12     0.00    0  0.00  31  4 65  3.32 3.59 3.59
   11.90 6197 72.00     0.00    0  0.00  25  5 71  3.32 3.59 3.59
   17.35 4246 71.95     0.00    0  0.00  35  4 61  3.32 3.59 3.59
   13.18 5895 75.89     0.00    0  0.00  22  5 73  3.32 3.59 3.59
    9.50 6625 61.47     0.00    0  0.00  23  5 73  3.32 3.59 3.59
   14.38 4782 67.15     0.00    0  0.00  26  6 68  3.54 3.63 3.60
   13.21 2258 29.14     0.00    0  0.00  29  5 66  3.54 3.63 3.60
   99.89  698 68.13     0.00    0  0.00  28  2 70  3.54 3.63 3.60
   14.11 1624 22.38     0.00    0  0.00  14  6 80  3.54 3.63 3.60
   16.00    5  0.08     0.00    0  0.00  14  1 85  3.54 3.63 3.60
    0.00    0  0.00     0.00    0  0.00  14  1 85  3.33 3.59 3.59
   14.45 1708 24.10     0.00    0  0.00  20  2 78  3.33 3.59 3.59
    9.32 5254 47.80     0.00    0  0.00  24  4 72  3.33 3.59 3.59
    9.32 7884 71.73     0.00    0  0.00  23  4 73  3.33 3.59 3.59
   11.11 8088 87.75     0.00    0  0.00  40  9 51  3.33 3.59 3.59
   13.40 5017 65.64     0.00    0  0.00  28 12 59  3.55 3.63 3.60
              disk0               disk4       cpu    load average
    KB/t  tps  MB/s     KB/t  tps  MB/s  us sy id   1m   5m   15m
   34.15 5930 197.76     0.00    0  0.00  30  8 62  3.55 3.63 3.60
   15.37 8134 122.06     0.00    0  0.00  28  7 65  3.55 3.63 3.60
    9.51 4905 45.54     0.00    0  0.00  38 11 51  3.55 3.63 3.60
   12.96 5779 73.14     0.00    0  0.00  37 11 52  3.55 3.63 3.60
   12.89 6642 83.62     0.00    0  0.00  36 10 53  3.58 3.63 3.60
   12.77 4408 54.97     0.00    0  0.00  42  8 50  3.58 3.63 3.60
   13.74 6837 91.76     0.00    0  0.00  31 11 57  3.58 3.63 3.60
   13.56 1652 21.88     0.00    0  0.00  14  2 83  3.58 3.63 3.60
   14.78 1186 17.12     0.00    0  0.00  26  2 71  3.58 3.63 3.60
   64.10  208 12.99     0.00    0  0.00  29  2 69  3.62 3.64 3.61
   16.15 1016 16.02     0.00    0  0.00  13  1 86  3.62 3.64 3.61
   19.15  861 16.09     0.00    0  0.00  13  2 85  3.62 3.64 3.61
   14.23 1408 19.56     0.00    0  0.00  15  2 84  3.62 3.64 3.61
    4.00    2  0.01     0.00    0  0.00  14  1 85  3.62 3.64 3.61
   37.11  450 16.29     0.00    0  0.00  14  1 85  3.41 3.60 3.59
   13.71  514  6.88     0.00    0  0.00  15  3 82  3.41 3.60 3.59
   68.40 1066 71.23     0.00    0  0.00  14  2 85  3.41 3.60 3.59
   14.72  297  4.26     0.00    0  0.00  14  2 84  3.41 3.60 3.59
    0.00    0  0.00     0.00    0  0.00  13  1 86  3.41 3.60 3.59
