---------NEW-TRIAL----------
              disk0               disk4       cpu    load average
    KB/t  tps  MB/s     KB/t  tps  MB/s  us sy id   1m   5m   15m
   16.70  367  5.99     8.60    0  0.00  15  5 79  7.18 6.48 5.01
    4.70 4957 22.74     0.00    0  0.00  25 14 61  7.18 6.48 5.01
    4.03 5678 22.35     0.00    0  0.00  26 12 62  7.18 6.48 5.01
    4.84 4864 22.99     0.00    0  0.00  21  8 71  6.77 6.40 4.99
    4.06 12238 48.52     0.00    0  0.00  22 10 68  6.77 6.40 4.99
    4.00 14830 57.94     0.00    0  0.00  22 10 68  6.77 6.40 4.99
    4.03 13782 54.18     0.00    0  0.00  15  8 77  6.77 6.40 4.99
    4.11 12405 49.81     0.00    0  0.00  16  9 75  6.77 6.40 4.99
    4.14 10409 42.09     0.00    0  0.00  17  8 75  6.38 6.33 4.98
    4.64 10015 45.38     0.00    0  0.00  18 11 71  6.38 6.33 4.98
    5.45 9146 48.71     0.00    0  0.00  16 10 74  6.38 6.33 4.98
    5.29 8149 42.09     0.00    0  0.00  16 11 74  6.38 6.33 4.98
    4.48 10925 47.85     0.00    0  0.00  16 10 74  6.38 6.33 4.98
    4.80 9629 45.14     0.00    0  0.00  16  9 75  5.95 6.24 4.95
    6.11 8246 49.18     0.00    0  0.00  19 10 71  5.95 6.24 4.95
    5.50 7220 38.81     0.00    0  0.00  19  9 72  5.95 6.24 4.95
    6.94 6550 44.38     0.00    0  0.00  15  7 78  5.95 6.24 4.95
    6.75 5888 38.81     0.00    0  0.00  16  7 77  5.95 6.24 4.95
    4.39 8758 37.56     0.00    0  0.00  16  8 76  5.72 6.19 4.94
    5.10 11797 58.78     0.00    0  0.00  16  9 75  5.72 6.19 4.94
              disk0               disk4       cpu    load average
    KB/t  tps  MB/s     KB/t  tps  MB/s  us sy id   1m   5m   15m
    4.72 10372 47.77     0.00    0  0.00  18 11 72  5.72 6.19 4.94
    4.82 9849 46.38     0.00    0  0.00  16  9 76  5.72 6.19 4.94
    4.12 11832 47.64     0.00    0  0.00  15  9 76  5.72 6.19 4.94
    4.39 10489 44.92     0.00    0  0.00  15  9 76  5.34 6.10 4.92
    5.22 10377 52.95     0.00    0  0.00  17  9 74  5.34 6.10 4.92
    7.29 7476 53.21     0.00    0  0.00  22 12 66  5.34 6.10 4.92
    7.66 6271 46.90     0.00    0  0.00  24 14 62  5.34 6.10 4.92
    5.76 9566 53.86     0.00    0  0.00  16 11 73  5.34 6.10 4.92
    5.11 9672 48.30     0.00    0  0.00  17  9 75  5.15 6.05 4.91
    4.44 11047 47.93     0.00    0  0.00  13  7 80  5.15 6.05 4.91
    6.34 8643 53.54     0.00    0  0.00  21 12 68  5.15 6.05 4.91
    5.72 9481 52.98     0.00    0  0.00  19 10 71  5.15 6.05 4.91
    5.00 13383 65.40     0.00    0  0.00  14  8 77  5.15 6.05 4.91
    6.12 9513 56.86     0.00    0  0.00  17  9 74  4.82 5.97 4.88
    7.10 11837 82.11     0.00    0  0.00  20 11 69  4.82 5.97 4.88
   15.43 11376 171.38     0.00    0  0.00  24 17 58  4.82 5.97 4.88
   12.17 7979 94.83     0.00    0  0.00  27 15 58  4.82 5.97 4.88
    5.80 8453 47.90     0.00    0  0.00  23 14 63  4.82 5.97 4.88
    4.51 11172 49.21     0.00    0  0.00  19 11 70  4.91 5.97 4.89
    5.53 8543 46.12     0.00    0  0.00  21 12 67  4.91 5.97 4.89
              disk0               disk4       cpu    load average
    KB/t  tps  MB/s     KB/t  tps  MB/s  us sy id   1m   5m   15m
    4.48 13837 60.50     0.00    0  0.00  18 10 72  4.91 5.97 4.89
    6.53 6620 42.21     0.00    0  0.00  24 11 65  4.91 5.97 4.89
    6.85 6333 42.34     0.00    0  0.00  28  9 64  4.91 5.97 4.89
    4.55 7269 32.29     0.00    0  0.00  18  8 74  4.52 5.87 4.86
    5.05 7361 36.29     0.00    0  0.00  17  8 75  4.52 5.87 4.86
    4.65 7848 35.62     0.00    0  0.00  18  9 73  4.52 5.87 4.86
    4.87 3829 18.20     0.00    0  0.00  21  9 70  4.52 5.87 4.86
    8.68 3893 33.00     0.00    0  0.00  19 10 71  4.52 5.87 4.86
    4.44 9754 42.26     0.00    0  0.00  28 11 61  4.40 5.82 4.85
    6.84 11173 74.65     0.00    0  0.00  23 13 64  4.40 5.82 4.85
    4.55 11215 49.83     0.00    0  0.00  23 12 65  4.40 5.82 4.85
    4.35 9931 42.24     0.00    0  0.00  25 13 62  4.40 5.82 4.85
    4.73 11258 51.98     0.00    0  0.00  22 13 65  4.40 5.82 4.85
    5.13 10136 50.82     0.00    0  0.00  22 13 65  4.44 5.81 4.85
    4.04 9748 38.46     0.00    0  0.00  21 12 66  4.44 5.81 4.85
    4.24 8943 37.07     0.00    0  0.00  18 11 71  4.44 5.81 4.85
    4.54 10371 45.97     0.00    0  0.00  25 16 59  4.44 5.81 4.85
    4.23 9707 40.10     0.00    0  0.00  24 12 64  4.25 5.74 4.83
    4.17 12398 50.51     0.00    0  0.00  19 10 72  4.25 5.74 4.83
    5.70 8919 49.67     0.00    0  0.00  20 10 70  4.25 5.74 4.83
              disk0               disk4       cpu    load average
    KB/t  tps  MB/s     KB/t  tps  MB/s  us sy id   1m   5m   15m
    5.95 6624 38.48     0.00    0  0.00  21 10 69  4.25 5.74 4.83
   22.97 2286 51.28     0.00    0  0.00  24 11 65  4.25 5.74 4.83
   17.82 6864 119.48     0.00    0  0.00  25 11 64  4.31 5.73 4.83
   11.05 6702 72.30     0.00    0  0.00  22 10 67  4.31 5.73 4.83
    8.66 4690 39.65     0.00    0  0.00  23 11 66  4.31 5.73 4.83
   13.43 4379 57.43     0.00    0  0.00  18 10 72  4.31 5.73 4.83
   12.47 5593 68.13     0.00    0  0.00  29 13 58  4.31 5.73 4.83
   14.35 5932 83.10     0.00    0  0.00  37 13 49  4.36 5.72 4.83
    8.09 4451 35.18     0.00    0  0.00  46 15 39  4.36 5.72 4.83
   10.48 6607 67.63     0.00    0  0.00  39 16 45  4.36 5.72 4.83
    9.20 6240 56.09     0.00    0  0.00  45 14 41  4.36 5.72 4.83
   14.99 6568 96.14     0.00    0  0.00  53 14 34  4.36 5.72 4.83
   25.50 6552 163.16     0.00    0  0.00  40 16 43  4.49 5.72 4.84
   14.05 7956 109.18     0.00    0  0.00  46 14 40  4.49 5.72 4.84
    9.13 9126 81.38     0.00    0  0.00  38 10 52  4.49 5.72 4.84
    8.27 7351 59.37     0.00    0  0.00  31 13 56  4.49 5.72 4.84
   23.45 3406 77.97     0.00    0  0.00  47 13 40  4.49 5.72 4.84
   15.67 3583 54.82     0.00    0  0.00  43 14 43  4.77 5.76 4.86
   24.73 1821 43.99     0.00    0  0.00  52 10 38  4.77 5.76 4.86
  322.87  169 53.35     0.00    0  0.00  47 10 43  4.77 5.76 4.86
              disk0               disk4       cpu    load average
    KB/t  tps  MB/s     KB/t  tps  MB/s  us sy id   1m   5m   15m
   72.68 1068 75.82     0.00    0  0.00  45 11 44  4.77 5.76 4.86
   82.40 1611 129.61     0.00    0  0.00  44 12 44  4.77 5.76 4.86
   44.49 1619 70.35     0.00    0  0.00  45 12 43  4.87 5.76 4.86
   24.09 2394 56.33     0.00    0  0.00  41 10 49  4.87 5.76 4.86
   32.32 2086 65.86     0.00    0  0.00  44 11 45  4.87 5.76 4.86
   44.38 2298 99.62     0.00    0  0.00  37 11 52  4.87 5.76 4.86
   47.45 1383 64.08     0.00    0  0.00  41 10 49  4.87 5.76 4.86
   40.66 1192 47.31     0.00    0  0.00  50 11 39  5.12 5.80 4.88
   37.42 2051 74.93     0.00    0  0.00  46 10 45  5.12 5.80 4.88
   30.88 2658 80.13     0.00    0  0.00  36 10 54  5.12 5.80 4.88
  140.62  389 53.36     0.00    0  0.00  40 11 49  5.12 5.80 4.88
   33.26 2330 75.67     0.00    0  0.00  36 10 53  5.12 5.80 4.88
   62.60  770 47.08     0.00    0  0.00  56 14 30  5.51 5.87 4.91
   28.06 2551 69.92     0.00    0  0.00  44 10 45  5.51 5.87 4.91
    7.49 8292 60.64     0.00    0  0.00  26 12 62  5.51 5.87 4.91
    9.06 7847 69.44     0.00    0  0.00  33 13 54  5.51 5.87 4.91
   15.84 2766 42.79     0.00    0  0.00  45 12 43  5.51 5.87 4.91
   11.45 6020 67.34     0.00    0  0.00  50 16 34  5.87 5.94 4.94
   11.55 6581 74.26     0.00    0  0.00  54 12 34  5.87 5.94 4.94
   12.70 5157 63.95     0.00    0  0.00  46 16 38  5.87 5.94 4.94
              disk0               disk4       cpu    load average
    KB/t  tps  MB/s     KB/t  tps  MB/s  us sy id   1m   5m   15m
   12.73 7087 88.08     0.00    0  0.00  38 13 49  5.87 5.94 4.94
   12.21 6196 73.86     0.00    0  0.00  49 12 39  5.87 5.94 4.94
   11.79 6739 77.61     0.00    0  0.00  44 14 41  5.80 5.92 4.94
   10.75 3697 38.80     0.00    0  0.00  35 15 51  5.80 5.92 4.94
   12.75 5515 68.66     0.00    0  0.00  41 14 45  5.80 5.92 4.94
    8.94 6895 60.21     0.00    0  0.00  30 13 58  5.80 5.92 4.94
   16.38 1805 28.87     0.00    0  0.00  37 11 53  5.80 5.92 4.94
   14.72 4693 67.48     0.00    0  0.00  27  7 66  5.66 5.89 4.94
   13.15 3643 46.77     0.00    0  0.00  43 10 48  5.66 5.89 4.94
   23.16 2329 52.68     0.00    0  0.00  32  9 59  5.66 5.89 4.94
   19.97 1272 24.80     0.00    0  0.00  30  9 61  5.66 5.89 4.94
   31.37 1753 53.69     0.00    0  0.00  30 10 61  5.66 5.89 4.94
   18.00 2742 48.19     0.00    0  0.00  34 11 55  7.21 6.21 5.05
   24.04 2399 56.34     0.00    0  0.00  39 11 50  7.21 6.21 5.05
   16.75 1344 21.99     0.00    0  0.00  30  9 61  7.21 6.21 5.05
   22.93 2702 60.50     0.00    0  0.00  38  9 53  7.21 6.21 5.05
   10.72 3377 35.36     0.00    0  0.00  27  9 64  7.21 6.21 5.05
   18.21 2489 44.26     0.00    0  0.00  48 11 40  7.67 6.32 5.10
    6.18 8338 50.36     0.00    0  0.00  29 13 58  7.67 6.32 5.10
    9.72 6263 59.47     0.00    0  0.00  43 14 43  7.67 6.32 5.10
              disk0               disk4       cpu    load average
    KB/t  tps  MB/s     KB/t  tps  MB/s  us sy id   1m   5m   15m
   11.90 7375 85.67     0.00    0  0.00  34 16 50  7.67 6.32 5.10
   11.23 8754 95.98     0.00    0  0.00  41 12 46  7.67 6.32 5.10
   10.39 7051 71.55     0.00    0  0.00  48 13 40  7.46 6.30 5.10
   11.80 6971 80.34     0.00    0  0.00  46 13 42  7.46 6.30 5.10
   14.75 4908 70.70     0.00    0  0.00  39 13 48  7.46 6.30 5.10
   15.45 8795 132.71     0.00    0  0.00  44 13 43  7.46 6.30 5.10
   10.31 6091 61.32     0.00    0  0.00  53 16 30  7.46 6.30 5.10
   18.35 3958 70.93     0.00    0  0.00  41 10 49  7.02 6.23 5.08
   39.88 1465 57.04     0.00    0  0.00  37 11 52  7.02 6.23 5.08
   21.28 3458 71.86     0.00    0  0.00  47 11 42  7.02 6.23 5.08
   38.56 1530 57.64     0.00    0  0.00  36  9 55  7.02 6.23 5.08
   37.94 3253 120.51     0.00    0  0.00  39 11 50  7.02 6.23 5.08
   15.25 4008 59.71     0.00    0  0.00  47 10 43  6.78 6.19 5.07
   12.26 6747 80.77     0.00    0  0.00  44 13 44  6.78 6.19 5.07
   14.27 5690 79.31     0.00    0  0.00  38 13 48  6.78 6.19 5.07
    6.57 6405 41.08     0.00    0  0.00  48 13 39  6.78 6.19 5.07
    8.64 6145 51.86     0.00    0  0.00  54 11 35  6.78 6.19 5.07
   10.61 8824 91.43     0.00    0  0.00  42 13 45  6.63 6.17 5.07
   12.67 5631 69.65     0.00    0  0.00  39 13 49  6.63 6.17 5.07
   12.16 6209 73.71     0.00    0  0.00  52 16 32  6.63 6.17 5.07
              disk0               disk4       cpu    load average
    KB/t  tps  MB/s     KB/t  tps  MB/s  us sy id   1m   5m   15m
   10.69 6773 70.69     0.00    0  0.00  49 13 38  6.63 6.17 5.07
    8.76 8655 74.05     0.00    0  0.00  35 12 53  6.63 6.17 5.07
   14.20 3071 42.58     0.00    0  0.00  35 11 54  6.42 6.13 5.07
   21.27 1988 41.29     0.00    0  0.00  42 10 47  6.42 6.13 5.07
    9.79 3169 30.29     0.00    0  0.00  30 11 59  6.42 6.13 5.07
   21.76 3067 65.17     0.00    0  0.00  33 10 57  6.42 6.13 5.07
   14.74 2324 33.44     0.00    0  0.00  29 10 61  6.42 6.13 5.07
   31.34 1691 51.75     0.00    0  0.00  34 10 55  6.79 6.21 5.10
   10.80 2911 30.71     0.00    0  0.00  25  8 67  6.79 6.21 5.10
   20.95 3516 71.95     0.00    0  0.00  33 10 57  6.79 6.21 5.10
   11.40 2711 30.18     0.00    0  0.00  28  9 63  6.79 6.21 5.10
   23.03 2341 52.64     0.00    0  0.00  33  8 58  6.79 6.21 5.10
    9.46 3752 34.65     0.00    0  0.00  27 10 63  6.57 6.18 5.10
   29.16 1908 54.34     0.00    0  0.00  45 10 44  6.57 6.18 5.10
   10.05 2076 20.38     0.00    0  0.00  29 13 58  6.57 6.18 5.10
   12.01 6179 72.49     0.00    0  0.00  42 16 42  6.57 6.18 5.10
   18.34 8993 161.07     0.00    0  0.00  38 18 44  6.57 6.18 5.10
    9.29 6972 63.25     0.00    0  0.00  45 15 41  6.52 6.17 5.10
   10.80 8956 94.49     0.00    0  0.00  48 13 38  6.52 6.17 5.10
   24.67 7179 172.95     0.00    0  0.00  45 17 38  6.52 6.17 5.10
              disk0               disk4       cpu    load average
    KB/t  tps  MB/s     KB/t  tps  MB/s  us sy id   1m   5m   15m
   34.06 8025 266.95     0.00    0  0.00  34 12 54  6.52 6.17 5.10
   28.57 7468 208.36     0.00    0  0.00  53 22 25  6.52 6.17 5.10
   16.34 6216 99.20     0.00    0  0.00  40  9 50  6.24 6.12 5.09
    9.76 7321 69.80     0.00    0  0.00  34 12 53  6.24 6.12 5.09
   10.52 5911 60.76     0.00    0  0.00  41 15 45  6.24 6.12 5.09
   11.23 5308 58.23     0.00    0  0.00  53 16 32  6.24 6.12 5.09
   10.35 8895 89.92     0.00    0  0.00  39 11 50  6.24 6.12 5.09
   17.70 4463 77.16     0.00    0  0.00  35 12 53  6.06 6.08 5.08
   22.43 3034 66.46     0.00    0  0.00  43 10 47  6.06 6.08 5.08
   26.46 2171 56.10     0.00    0  0.00  33  9 58  6.06 6.08 5.08
   27.23 2854 75.89     0.00    0  0.00  37 12 51  6.06 6.08 5.08
   17.22 4853 81.61     0.00    0  0.00  29  9 62  6.06 6.08 5.08
   18.26 2039 36.37     0.00    0  0.00  33 10 57  6.05 6.08 5.09
   13.42 4317 56.56     0.00    0  0.00  35 12 53  6.05 6.08 5.09
   13.69 3549 47.46     0.00    0  0.00  30  9 61  6.05 6.08 5.09
   14.65 3296 47.15     0.00    0  0.00  37 14 48  6.05 6.08 5.09
   13.52 3058 40.37     0.00    0  0.00  29  9 62  6.05 6.08 5.09
   22.76 2750 61.13     0.00    0  0.00  34 10 56  5.73 6.02 5.07
   15.21 2770 41.15     0.00    0  0.00  27  9 64  5.73 6.02 5.07
   19.48 2073 39.45     0.00    0  0.00  42 13 45  5.73 6.02 5.07
              disk0               disk4       cpu    load average
    KB/t  tps  MB/s     KB/t  tps  MB/s  us sy id   1m   5m   15m
    7.43 3607 26.19     0.00    0  0.00  28  9 63  5.73 6.02 5.07
   27.96 2714 74.11     0.00    0  0.00  40 12 48  5.73 6.02 5.07
    6.17 1493  9.00     0.00    0  0.00  29 10 61  5.75 6.02 5.07
   28.13 2406 66.08     0.00    0  0.00  38  9 53  5.75 6.02 5.07
    8.39 4273 35.02     0.00    0  0.00  25  9 66  5.75 6.02 5.07
   15.99 2649 41.37     0.00    0  0.00  38  9 54  5.75 6.02 5.07
   14.29 2092 29.19     0.00    0  0.00  31 10 59  5.75 6.02 5.07
   21.18 2941 60.83     0.00    0  0.00  39 12 49  5.69 6.00 5.07
    6.75 9301 61.28     0.00    0  0.00  29 11 60  5.69 6.00 5.07
    9.47 6503 60.14     0.00    0  0.00  43 14 43  5.69 6.00 5.07
   12.90 6545 82.46     0.00    0  0.00  36 18 46  5.69 6.00 5.07
    7.95 5974 46.40     0.00    0  0.00  47 15 39  5.69 6.00 5.07
   10.50 6640 68.09     0.00    0  0.00  49 12 39  5.63 5.98 5.07
   12.32 5277 63.48     0.00    0  0.00  47 14 39  5.63 5.98 5.07
   15.67 5128 78.49     0.00    0  0.00  44 13 43  5.63 5.98 5.07
   19.14 6195 115.78     0.00    0  0.00  47 14 40  5.63 5.98 5.07
   10.80 7049 74.37     0.00    0  0.00  52 13 35  5.63 5.98 5.07
   27.69 1960 52.99     0.00    0  0.00  46 11 43  5.82 6.01 5.09
   46.61 1701 77.41     0.00    0  0.00  38 12 50  5.82 6.01 5.09
   61.78  567 34.23     0.00    0  0.00  48 10 41  5.82 6.01 5.09
              disk0               disk4       cpu    load average
    KB/t  tps  MB/s     KB/t  tps  MB/s  us sy id   1m   5m   15m
   43.55 1673 71.14     0.00    0  0.00  42  9 49  5.82 6.01 5.09
   30.17 2103 61.97     0.00    0  0.00  37 10 53  5.82 6.01 5.09
   26.28 2096 53.80     0.00    0  0.00  50  8 41  6.00 6.05 5.11
   22.92 2425 54.28     0.00    0  0.00  48  7 44  6.00 6.05 5.11
   23.19 3538 80.13     0.00    0  0.00  35  8 57  6.00 6.05 5.11
   18.42 3616 65.04     0.00    0  0.00  27  6 66  6.00 6.05 5.11
   12.75 3470 43.20     0.00    0  0.00  29  8 63  6.00 6.05 5.11
   29.70 1844 53.49     0.00    0  0.00  40  8 52  5.92 6.03 5.10
   17.43 2457 41.83     0.00    0  0.00  26  9 65  5.92 6.03 5.10
   15.48 4114 62.20     0.00    0  0.00  33  8 59  5.92 6.03 5.10
   13.13 3292 42.23     0.00    0  0.00  29  7 64  5.92 6.03 5.10
   18.45 2740 49.35     0.00    0  0.00  48 11 41  5.92 6.03 5.10
    6.74 4495 29.60     0.00    0  0.00  29  9 62  5.92 6.03 5.11
   14.28 5437 75.84     0.00    0  0.00  35  7 58  5.92 6.03 5.11
   17.99 1756 30.84     0.00    0  0.00  29  8 63  5.92 6.03 5.11
   27.72 1197 32.42     0.00    0  0.00  47  9 44  5.92 6.03 5.11
   20.63 2629 52.96     0.00    0  0.00  37 13 50  5.92 6.03 5.11
   12.21 4079 48.63     0.00    0  0.00  40 10 49  5.93 6.03 5.11
   17.17 2517 42.21     0.00    0  0.00  38  8 54  5.93 6.03 5.11
   18.16 2135 37.87     0.00    0  0.00  30  7 63  5.93 6.03 5.11
              disk0               disk4       cpu    load average
    KB/t  tps  MB/s     KB/t  tps  MB/s  us sy id   1m   5m   15m
   31.48 1721 52.92     0.00    0  0.00  47  8 45  5.93 6.03 5.11
    7.64 2403 17.93     0.00    0  0.00  30  9 60  5.93 6.03 5.11
    9.87 8193 79.01     0.00    0  0.00  46 12 42  6.25 6.09 5.14
   14.35 8621 120.82     0.00    0  0.00  38 14 49  6.25 6.09 5.14
   12.67 11609 143.61     0.00    0  0.00  46 13 42  6.25 6.09 5.14
   10.27 8088 81.10     0.00    0  0.00  50 10 39  6.25 6.09 5.14
   12.32 6114 73.56     0.00    0  0.00  43 12 45  6.25 6.09 5.14
   12.50 7467 91.12     0.00    0  0.00  41 14 46  6.63 6.18 5.18
   13.43 4697 61.62     0.00    0  0.00  57 14 29  6.63 6.18 5.18
   11.94 6300 73.44     0.00    0  0.00  51 13 36  6.63 6.18 5.18
   12.80 7095 88.67     0.00    0  0.00  37 10 53  6.63 6.18 5.18
   18.73 2855 52.22     0.00    0  0.00  41 13 46  6.63 6.18 5.18
   32.54 1569 49.85     0.00    0  0.00  51 13 37  7.06 6.27 5.22
   34.38 2059 69.15     0.00    0  0.00  44 10 46  7.06 6.27 5.22
   21.03 2561 52.59     0.00    0  0.00  37 10 53  7.06 6.27 5.22
   21.27 2596 53.93     0.00    0  0.00  50 11 40  7.06 6.27 5.22
   39.33 1132 43.47     0.00    0  0.00  52 12 36  7.06 6.27 5.22
   36.99 1987 71.77     0.00    0  0.00  38 13 49  6.82 6.23 5.21
   19.91 2895 56.31     0.00    0  0.00  39 11 50  6.82 6.23 5.21
   11.89 2250 26.12     0.00    0  0.00  25  9 66  6.82 6.23 5.21
              disk0               disk4       cpu    load average
    KB/t  tps  MB/s     KB/t  tps  MB/s  us sy id   1m   5m   15m
   30.25 1759 51.96     0.00    0  0.00  42 11 48  6.82 6.23 5.21
   50.21  720 35.32     0.00    0  0.00  34 11 55  6.82 6.23 5.21
   23.22 1821 41.29     0.00    0  0.00  40 11 49  8.27 6.55 5.32
   16.63 3719 60.39     0.00    0  0.00  37 10 53  8.27 6.55 5.32
   23.95 1018 23.82     0.00    0  0.00  31  9 60  8.27 6.55 5.32
   29.76 1743 50.64     0.00    0  0.00  38 10 52  8.27 6.55 5.32
    9.56 1895 17.70     0.00    0  0.00  34 10 56  8.27 6.55 5.32
   44.80 1079 47.21     0.00    0  0.00  44 13 44  8.01 6.52 5.32
   13.00 2640 33.51     0.00    0  0.00  31 11 58  8.01 6.52 5.32
    9.39 5614 51.48     0.00    0  0.00  39 10 51  8.01 6.52 5.32
   17.42 3394 57.74     0.00    0  0.00  30  9 61  8.01 6.52 5.32
    8.12 5472 43.38     0.00    0  0.00  34 12 54  8.01 6.52 5.32
   10.93 6847 73.08     0.00    0  0.00  44 16 40  7.85 6.51 5.33
    6.85 5280 35.33     0.00    0  0.00  31 14 55  7.85 6.51 5.33
   11.12 5641 61.25     0.00    0  0.00  53 13 34  7.85 6.51 5.33
    7.37 7325 52.72     0.00    0  0.00  30 13 57  7.85 6.51 5.33
    7.63 7652 57.04     0.00    0  0.00  42 14 45  7.85 6.51 5.33
   18.19 7675 136.33     0.00    0  0.00  40 18 41  7.94 6.55 5.35
   10.83 6836 72.31     0.00    0  0.00  49 16 36  7.94 6.55 5.35
   10.01 9215 90.10     0.00    0  0.00  51 13 36  7.94 6.55 5.35
              disk0               disk4       cpu    load average
    KB/t  tps  MB/s     KB/t  tps  MB/s  us sy id   1m   5m   15m
   12.96 6590 83.38     0.00    0  0.00  43 11 47  7.94 6.55 5.35
   41.52 1545 62.65     0.00    0  0.00  38 11 51  7.94 6.55 5.35
   57.29 1497 83.76     0.00    0  0.00  48 11 41  7.87 6.56 5.36
  158.10  458 70.76     0.00    0  0.00  37 12 51  7.87 6.56 5.36
   88.33  689 59.41     0.00    0  0.00  28 12 60  7.87 6.56 5.36
   72.89 1187 84.47     0.00    0  0.00  24 12 64  7.87 6.56 5.36
