=====NEW TRIAL=====
              disk0               disk4               disk6       cpu    load average
    KB/t  tps  MB/s     KB/t  tps  MB/s     KB/t  tps  MB/s  us sy id   1m   5m   15m
   13.61  134  1.78     8.59    0  0.00   115.32    0  0.00  16  5 79  22.15 12.48 7.34
    8.89 2188 18.99     0.00    0  0.00     0.00    0  0.00  40 17 44  22.15 12.48 7.34
    6.65 2942 19.12     0.00    0  0.00     0.00    0  0.00  35 13 52  22.15 12.48 7.34
    5.90 6500 37.46     0.00    0  0.00     0.00    0  0.00  33 20 47  22.15 12.48 7.34
    5.66 6240 34.52     0.00    0  0.00     0.00    0  0.00  32 21 47  22.14 12.64 7.43
    6.02 5430 31.93     0.00    0  0.00     0.00    0  0.00  45 21 34  22.14 12.64 7.43
    5.30 6280 32.48     0.00    0  0.00     0.00    0  0.00  32 21 47  22.14 12.64 7.43
    5.48 6190 33.14     0.00    0  0.00     0.00    0  0.00  34 21 45  22.14 12.64 7.43
    5.25 7036 36.05     0.00    0  0.00     0.00    0  0.00  35 21 44  22.14 12.64 7.43
    7.57 5873 43.42     0.00    0  0.00     0.00    0  0.00  31 20 49  22.61 12.90 7.55
    5.31 6113 31.72     0.00    0  0.00     0.00    0  0.00  35 22 43  22.61 12.90 7.55
    5.50 6074 32.60     0.00    0  0.00     0.00    0  0.00  44 23 33  22.61 12.90 7.55
    5.25 6607 33.87     0.00    0  0.00     0.00    0  0.00  39 21 40  22.61 12.90 7.55
    5.88 6324 36.33     0.00    0  0.00     0.00    0  0.00  31 21 48  22.61 12.90 7.55
    6.03 6552 38.58     0.00    0  0.00     0.00    0  0.00  31 19 50  22.24 12.98 7.61
    7.72 6936 52.28     0.00    0  0.00     0.00    0  0.00  33 19 48  22.24 12.98 7.61
    5.93 5729 33.20     0.00    0  0.00     0.00    0  0.00  35 20 45  22.24 12.98 7.61
    5.62 5894 32.36     0.00    0  0.00     0.00    0  0.00  30 20 50  22.24 12.98 7.61
    5.70 5800 32.29     0.00    0  0.00     0.00    0  0.00  31 17 52  22.24 12.98 7.61
    5.40 6549 34.53     0.00    0  0.00     0.00    0  0.00  31 19 50  22.06 13.10 7.68
              disk0               disk4               disk6       cpu    load average
    KB/t  tps  MB/s     KB/t  tps  MB/s     KB/t  tps  MB/s  us sy id   1m   5m   15m
    5.33 6499 33.86     0.00    0  0.00     0.00    0  0.00  31 18 50  22.06 13.10 7.68
    5.90 6880 39.66     0.00    0  0.00     0.00    0  0.00  30 19 51  22.06 13.10 7.68
    5.87 6297 36.11     0.00    0  0.00     0.00    0  0.00  35 19 46  22.06 13.10 7.68
    5.44 5784 30.71     0.00    0  0.00     0.00    0  0.00  41 17 42  22.06 13.10 7.68
    5.49 6329 33.95     0.00    0  0.00     0.00    0  0.00  30 19 51  21.90 13.21 7.75
    5.68 6196 34.38     0.00    0  0.00     0.00    0  0.00  30 19 51  21.90 13.21 7.75
    5.39 6240 32.85     0.00    0  0.00     0.00    0  0.00  28 19 54  21.90 13.21 7.75
    5.79 6380 36.07     0.00    0  0.00     0.00    0  0.00  37 20 43  21.90 13.21 7.75
    7.95 6464 50.17     0.00    0  0.00     0.00    0  0.00  32 19 49  21.90 13.21 7.75
    5.81 6383 36.20     0.00    0  0.00     0.00    0  0.00  34 21 45  22.78 13.54 7.90
    5.45 6477 34.46     0.00    0  0.00     0.00    0  0.00  30 18 52  22.78 13.54 7.90
    5.55 6146 33.29     0.00    0  0.00     0.00    0  0.00  33 19 49  22.78 13.54 7.90
    5.45 5503 29.27     0.00    0  0.00     0.00    0  0.00  29 17 53  22.78 13.54 7.90
    9.17 7165 64.16     0.00    0  0.00     0.00    0  0.00  33 23 44  22.78 13.54 7.90
    5.49 6334 33.97     0.00    0  0.00     0.00    0  0.00  29 19 51  22.80 13.70 7.99
    6.13 6433 38.49     0.00    0  0.00     0.00    0  0.00  36 22 43  22.80 13.70 7.99
    5.39 6872 36.20     0.00    0  0.00     0.00    0  0.00  30 19 52  22.80 13.70 7.99
    5.50 6279 33.74     0.00    0  0.00     0.00    0  0.00  37 19 44  22.80 13.70 7.99
    5.81 6478 36.73     0.00    0  0.00     0.00    0  0.00  31 20 50  22.80 13.70 7.99
    6.39 6114 38.17     0.00    0  0.00     0.00    0  0.00  32 19 49  23.54 14.00 8.13
              disk0               disk4               disk6       cpu    load average
    KB/t  tps  MB/s     KB/t  tps  MB/s     KB/t  tps  MB/s  us sy id   1m   5m   15m
    5.45 5436 28.93     0.00    0  0.00     0.00    0  0.00  41 21 37  23.54 14.00 8.13
    5.78 9706 54.78     0.00    0  0.00     0.00    0  0.00  27 20 53  23.54 14.00 8.13
    5.46 6230 33.21     0.00    0  0.00     0.00    0  0.00  30 19 51  23.54 14.00 8.13
    7.62 7122 52.99     0.00    0  0.00     0.00    0  0.00  30 19 51  23.54 14.00 8.13
    5.46 6272 33.41     0.00    0  0.00     0.00    0  0.00  32 19 49  23.09 14.07 8.19
    5.65 6028 33.25     0.00    0  0.00     0.00    0  0.00  30 20 50  23.09 14.07 8.19
    5.70 6464 35.98     0.00    0  0.00     0.00    0  0.00  43 19 38  23.09 14.07 8.19
    5.46 6239 33.24     0.00    0  0.00     0.00    0  0.00  40 20 40  23.09 14.07 8.19
    5.51 5814 31.27     0.00    0  0.00     0.00    0  0.00  29 18 53  23.09 14.07 8.19
    5.38 6376 33.48     0.00    0  0.00     0.00    0  0.00  29 19 52  23.57 14.31 8.31
    5.47 6566 35.08     0.00    0  0.00     0.00    0  0.00  34 19 48  23.57 14.31 8.31
    5.51 6350 34.19     0.00    0  0.00     0.00    0  0.00  30 19 51  23.57 14.31 8.31
    7.49 7726 56.52     0.00    0  0.00     0.00    0  0.00  31 21 49  23.57 14.31 8.31
    6.01 6177 36.25     0.00    0  0.00     0.00    0  0.00  30 21 49  23.57 14.31 8.31
    5.48 6279 33.63     0.00    0  0.00     0.00    0  0.00  33 18 48  23.28 14.41 8.38
    5.37 6795 35.62     0.00    0  0.00     0.00    0  0.00  30 19 52  23.28 14.41 8.38
    5.42 9808 51.87     0.00    0  0.00     0.00    0  0.00  40 21 39  23.28 14.41 8.38
    5.73 7041 39.40     0.00    0  0.00     0.00    0  0.00  31 19 50  23.28 14.41 8.38
    9.29 8644 78.43     0.00    0  0.00     0.00    0  0.00  37 20 43  23.28 14.41 8.38
    8.20 8755 70.09     0.00    0  0.00     0.00    0  0.00  30 20 50  22.78 14.45 8.43
              disk0               disk4               disk6       cpu    load average
    KB/t  tps  MB/s     KB/t  tps  MB/s     KB/t  tps  MB/s  us sy id   1m   5m   15m
    5.86 6425 36.80     0.00    0  0.00     0.00    0  0.00  30 18 51  22.78 14.45 8.43
    5.48 6180 33.05     0.00    0  0.00     0.00    0  0.00  30 18 52  22.78 14.45 8.43
    5.77 5767 32.47     0.00    0  0.00     0.00    0  0.00  29 18 53  22.78 14.45 8.43
    5.48 6229 33.31     0.00    0  0.00     0.00    0  0.00  35 19 45  22.78 14.45 8.43
    5.52 6159 33.18     0.00    0  0.00     0.00    0  0.00  30 19 51  22.64 14.56 8.50
    5.37 7466 39.17     0.00    0  0.00     0.00    0  0.00  31 19 50  22.64 14.56 8.50
    5.54 6873 37.17     0.00    0  0.00     0.00    0  0.00  34 19 48  22.64 14.56 8.50
    5.72 6610 36.91     0.00    0  0.00     0.00    0  0.00  31 18 51  22.64 14.56 8.50
    7.24 6801 48.08     0.00    0  0.00     0.00    0  0.00  30 19 51  22.64 14.56 8.50
    5.76 6233 35.05     0.00    0  0.00     0.00    0  0.00  30 19 51  22.98 14.77 8.61
    5.47 6547 34.98     0.00    0  0.00     0.00    0  0.00  30 19 51  22.98 14.77 8.61
    5.39 6819 35.89     0.00    0  0.00     0.00    0  0.00  32 19 49  22.98 14.77 8.61
    8.52 6256 52.04     0.00    0  0.00     0.00    0  0.00  41 17 42  22.98 14.77 8.61
    5.47 6272 33.51     0.00    0  0.00     0.00    0  0.00  30 19 51  22.98 14.77 8.61
    5.61 7024 38.48     0.00    0  0.00     0.00    0  0.00  30 19 51  21.94 14.69 8.62
    5.46 6522 34.76     0.00    0  0.00     0.00    0  0.00  33 19 48  21.94 14.69 8.62
    5.40 6398 33.73     0.00    0  0.00     0.00    0  0.00  36 19 44  21.94 14.69 8.62
    5.49 6512 34.89     0.00    0  0.00     0.00    0  0.00  32 20 48  21.94 14.69 8.62
    5.46 6579 35.08     0.00    0  0.00     0.00    0  0.00  31 19 50  21.94 14.69 8.62
    5.56 6266 34.05     0.00    0  0.00     0.00    0  0.00  32 19 49  21.71 14.76 8.68
              disk0               disk4               disk6       cpu    load average
    KB/t  tps  MB/s     KB/t  tps  MB/s     KB/t  tps  MB/s  us sy id   1m   5m   15m
    5.61 6351 34.77     0.00    0  0.00     0.00    0  0.00  30 18 52  21.71 14.76 8.68
    5.47 6344 33.87     0.00    0  0.00     0.00    0  0.00  30 19 51  21.71 14.76 8.68
    5.83 6396 36.43     0.00    0  0.00     0.00    0  0.00  30 19 51  21.71 14.76 8.68
    5.47 5791 30.94     0.00    0  0.00     0.00    0  0.00  30 18 52  21.71 14.76 8.68
    5.49 6162 33.02     0.00    0  0.00     0.00    0  0.00  39 19 42  21.65 14.86 8.75
    5.50 6473 34.75     0.00    0  0.00     0.00    0  0.00  39 19 42  21.65 14.86 8.75
    7.53 7406 54.49     0.00    0  0.00     0.00    0  0.00  31 18 51  21.65 14.86 8.75
    5.66 6620 36.61     0.00    0  0.00     0.00    0  0.00  34 19 48  21.65 14.86 8.75
    5.49 6293 33.73     0.00    0  0.00     0.00    0  0.00  30 19 51  21.65 14.86 8.75
    5.47 5291 28.25     0.00    0  0.00     0.00    0  0.00  37 19 44  22.00 15.05 8.85
    5.38 6230 32.71     0.00    0  0.00     0.00    0  0.00  31 19 50  22.00 15.05 8.85
    5.38 6212 32.63     0.00    0  0.00     0.00    0  0.00  35 19 45  22.00 15.05 8.85
    5.38 6925 36.38     0.00    0  0.00     0.00    0  0.00  29 19 52  22.00 15.05 8.85
    5.66 5870 32.45     0.00    0  0.00     0.00    0  0.00  29 18 53  22.00 15.05 8.85
    5.42 6306 33.40     0.00    0  0.00     0.00    0  0.00  31 19 51  21.92 15.14 8.92
    5.29 6975 36.00     0.00    0  0.00     0.00    0  0.00  33 19 48  21.92 15.14 8.92
    5.55 6445 34.96     0.00    0  0.00     0.00    0  0.00  35 20 46  21.92 15.14 8.92
    5.58 6594 35.91     0.00    0  0.00     0.00    0  0.00  32 18 50  21.92 15.14 8.92
    6.43 6936 43.56     0.00    0  0.00     0.00    0  0.00  30 20 50  21.92 15.14 8.92
    5.66 6289 34.75     0.00    0  0.00     0.00    0  0.00  32 19 49  21.69 15.21 8.98
              disk0               disk4               disk6       cpu    load average
    KB/t  tps  MB/s     KB/t  tps  MB/s     KB/t  tps  MB/s  us sy id   1m   5m   15m
    5.40 6702 35.31     0.00    0  0.00     0.00    0  0.00  29 19 53  21.69 15.21 8.98
    7.88 6637 51.10     0.00    0  0.00     0.00    0  0.00  31 19 50  21.69 15.21 8.98
    5.49 6536 35.07     0.00    0  0.00     0.00    0  0.00  31 19 50  21.69 15.21 8.98
    5.39 7005 36.84     0.00    0  0.00     0.00    0  0.00  33 19 48  21.69 15.21 8.98
    5.44 6484 34.43     0.00    0  0.00     0.00    0  0.00  30 19 51  21.47 15.27 9.04
    7.09 7130 49.34     0.00    0  0.00     0.00    0  0.00  33 24 42  21.47 15.27 9.04
    5.57 6368 34.61     0.00    0  0.00     0.00    0  0.00  30 19 51  21.47 15.27 9.04
    5.61 4713 25.80     0.00    0  0.00     0.00    0  0.00  44 20 37  21.47 15.27 9.04
    5.47 6483 34.65     0.00    0  0.00     0.00    0  0.00  30 19 50  21.47 15.27 9.04
    5.33 7398 38.50     0.00    0  0.00     0.00    0  0.00  31 19 50  21.43 15.37 9.11
    5.49 6401 34.31     0.00    0  0.00     0.00    0  0.00  35 20 45  21.43 15.37 9.11
    5.56 6334 34.41     0.00    0  0.00     0.00    0  0.00  33 19 48  21.43 15.37 9.11
    5.47 6970 37.25     0.00    0  0.00     0.00    0  0.00  30 19 52  21.43 15.37 9.11
    5.46 6473 34.54     0.00    0  0.00     0.00    0  0.00  31 19 50  21.43 15.37 9.11
    5.47 6082 32.50     0.00    0  0.00     0.00    0  0.00  29 19 52  21.32 15.44 9.17
    5.72 5559 31.07     0.00    0  0.00     0.00    0  0.00  31 18 52  21.32 15.44 9.17
    8.00 6299 49.23     0.00    0  0.00     0.00    0  0.00  30 18 51  21.32 15.44 9.17
    5.44 7111 37.77     0.00    0  0.00     0.00    0  0.00  31 20 49  21.32 15.44 9.17
    8.28 7593 61.39     0.00    0  0.00     0.00    0  0.00  32 22 46  21.32 15.44 9.17
    5.47 6437 34.36     0.00    0  0.00     0.00    0  0.00  35 20 46  21.77 15.63 9.27
              disk0               disk4               disk6       cpu    load average
    KB/t  tps  MB/s     KB/t  tps  MB/s     KB/t  tps  MB/s  us sy id   1m   5m   15m
    6.32 6514 40.23     0.00    0  0.00     0.00    0  0.00  31 20 49  21.77 15.63 9.27
    6.05 6772 40.02     0.00    0  0.00     0.00    0  0.00  34 23 44  21.77 15.63 9.27
    5.45 6791 36.12     0.00    0  0.00     0.00    0  0.00  31 21 48  21.77 15.63 9.27
    5.68 6215 34.45     0.00    0  0.00     0.00    0  0.00  32 18 50  21.77 15.63 9.27
    7.72 8318 62.75     0.00    0  0.00     0.00    0  0.00  41 20 39  22.11 15.81 9.37
    7.07 10476 72.37     0.00    0  0.00     0.00    0  0.00  31 23 45  22.11 15.81 9.37
    5.51 7110 38.28     0.00    0  0.00     0.00    0  0.00  30 20 51  22.11 15.81 9.37
    5.48 6616 35.42     0.00    0  0.00     0.00    0  0.00  33 19 47  22.11 15.81 9.37
    7.05 6697 46.12     0.00    0  0.00     0.00    0  0.00  28 18 54  22.11 15.81 9.37
    5.49 6483 34.77     0.00    0  0.00     0.00    0  0.00  30 19 52  22.18 15.92 9.45
    7.89 6698 51.64     0.00    0  0.00     0.00    0  0.00  30 19 51  22.18 15.92 9.45
    5.32 6953 36.14     0.00    0  0.00     0.00    0  0.00  33 19 48  22.18 15.92 9.45
    5.57 6573 35.73     0.00    0  0.00     0.00    0  0.00  30 19 51  22.18 15.92 9.45
    5.54 6463 34.93     0.00    0  0.00     0.00    0  0.00  31 19 49  22.18 15.92 9.45
    5.55 7831 42.46     0.00    0  0.00     0.00    0  0.00  30 19 51  22.49 16.09 9.55
    5.41 5602 29.61     0.00    0  0.00     0.00    0  0.00  33 20 47  22.49 16.09 9.55
    5.48 6316 33.77     0.00    0  0.00     0.00    0  0.00  32 19 49  22.49 16.09 9.55
    5.57 6680 36.31     0.00    0  0.00     0.00    0  0.00  30 20 50  22.49 16.09 9.55
    5.46 6452 34.42     0.00    0  0.00     0.00    0  0.00  36 19 45  22.49 16.09 9.55
    5.51 6325 34.01     0.00    0  0.00     0.00    0  0.00  33 19 48  23.09 16.32 9.67
              disk0               disk4               disk6       cpu    load average
    KB/t  tps  MB/s     KB/t  tps  MB/s     KB/t  tps  MB/s  us sy id   1m   5m   15m
    5.46 5886 31.37     0.00    0  0.00     0.00    0  0.00  28 18 53  23.09 16.32 9.67
    5.47 6694 35.77     0.00    0  0.00     0.00    0  0.00  31 19 50  23.09 16.32 9.67
    5.55 5378 29.14     0.00    0  0.00     0.00    0  0.00  44 17 39  23.09 16.32 9.67
    5.38 6673 35.07     0.00    0  0.00     0.00    0  0.00  30 19 51  23.09 16.32 9.67
    5.52 5624 30.30     0.00    0  0.00     0.00    0  0.00  30 19 52  23.00 16.42 9.74
    8.11 6338 50.18     0.00    0  0.00     0.00    0  0.00  29 19 52  23.00 16.42 9.74
    5.35 7079 37.01     0.00    0  0.00     0.00    0  0.00  36 19 45  23.00 16.42 9.74
    5.68 5533 30.69     0.00    0  0.00     0.00    0  0.00  29 18 53  23.00 16.42 9.74
    7.62 7246 53.91     0.00    0  0.00     0.00    0  0.00  32 23 46  23.00 16.42 9.74
    7.43 6758 49.02     0.00    0  0.00     0.00    0  0.00  28 21 50  23.56 16.64 9.86
    5.19 6830 34.61     0.00    0  0.00     0.00    0  0.00  30 20 51  23.56 16.64 9.86
    7.56 6868 50.70     0.00    0  0.00     0.00    0  0.00  38 21 41  23.56 16.64 9.86
    5.59 6477 35.33     0.00    0  0.00     0.00    0  0.00  32 20 48  23.56 16.64 9.86
    5.51 6529 35.13     0.00    0  0.00     0.00    0  0.00  31 19 51  23.56 16.64 9.86
    5.74 6756 37.89     0.00    0  0.00     0.00    0  0.00  31 18 51  23.60 16.76 9.94
    5.49 6494 34.79     0.00    0  0.00     0.00    0  0.00  30 19 51  23.60 16.76 9.94
    6.23 6787 41.29     0.00    0  0.00     0.00    0  0.00  31 19 50  23.60 16.76 9.94
    7.64 9672 72.20     0.00    0  0.00     0.00    0  0.00  28 20 51  23.60 16.76 9.94
    8.48 7450 61.69     0.00    0  0.00     0.00    0  0.00  32 18 51  23.60 16.76 9.94
    5.48 5527 29.57     0.00    0  0.00     0.00    0  0.00  39 18 43  23.71 16.90 10.03
              disk0               disk4               disk6       cpu    load average
    KB/t  tps  MB/s     KB/t  tps  MB/s     KB/t  tps  MB/s  us sy id   1m   5m   15m
    7.91 6374 49.26     0.00    0  0.00     0.00    0  0.00  31 18 51  23.71 16.90 10.03
    5.49 6384 34.24     0.00    0  0.00     0.00    0  0.00  31 19 50  23.71 16.90 10.03
    5.52 6218 33.55     0.00    0  0.00     0.00    0  0.00  32 19 49  23.71 16.90 10.03
    5.39 7528 39.66     0.00    0  0.00     0.00    0  0.00  32 19 50  23.71 16.90 10.03
    5.97 6552 38.17     0.00    0  0.00     0.00    0  0.00  32 20 48  23.73 17.02 10.11
    5.39 5869 30.89     0.00    0  0.00     0.00    0  0.00  30 19 51  23.73 17.02 10.11
    5.39 6249 32.87     0.00    0  0.00     0.00    0  0.00  32 20 47  23.73 17.02 10.11
    5.53 5773 31.16     0.00    0  0.00     0.00    0  0.00  35 21 43  23.73 17.02 10.11
    5.50 6117 32.86     0.00    0  0.00     0.00    0  0.00  33 25 42  23.73 17.02 10.11
    5.89 6601 37.99     0.00    0  0.00     0.00    0  0.00  28 19 53  23.59 17.10 10.18
    6.03 6312 37.14     0.00    0  0.00     0.00    0  0.00  34 21 45  23.59 17.10 10.18
    5.88 6710 38.50     0.00    0  0.00     0.00    0  0.00  31 20 49  23.59 17.10 10.18
    5.39 6676 35.17     0.00    0  0.00     0.00    0  0.00  30 19 50  23.59 17.10 10.18
    6.47 6531 41.24     0.00    0  0.00     0.00    0  0.00  35 18 47  23.59 17.10 10.18
    5.86 6448 36.91     0.00    0  0.00     0.00    0  0.00  35 19 46  23.46 17.18 10.25
    6.61 10026 64.72     0.00    0  0.00     0.00    0  0.00  31 20 48  23.46 17.18 10.25
    5.72 6830 38.16     0.00    0  0.00     0.00    0  0.00  40 20 41  23.46 17.18 10.25
    8.11 7203 57.03     0.00    0  0.00     0.00    0  0.00  46 22 32  23.46 17.18 10.25
    8.04 7855 61.66     0.00    0  0.00     0.00    0  0.00  35 20 45  23.46 17.18 10.25
    5.39 6403 33.70     0.00    0  0.00     0.00    0  0.00  32 19 50  23.03 17.19 10.29
              disk0               disk4               disk6       cpu    load average
    KB/t  tps  MB/s     KB/t  tps  MB/s     KB/t  tps  MB/s  us sy id   1m   5m   15m
    5.36 6707 35.09     0.00    0  0.00     0.00    0  0.00  30 19 51  23.03 17.19 10.29
    7.17 6857 48.00     0.00    0  0.00     0.00    0  0.00  32 20 48  23.03 17.19 10.29
    5.53 6417 34.62     0.00    0  0.00     0.00    0  0.00  31 19 51  23.03 17.19 10.29
    5.42 6675 35.30     0.00    0  0.00     0.00    0  0.00  31 19 50  23.03 17.19 10.29
    5.67 5354 29.65     0.00    0  0.00     0.00    0  0.00  28 18 54  23.58 17.41 10.41
    5.47 6489 34.66     0.00    0  0.00     0.00    0  0.00  30 19 51  23.58 17.41 10.41
    5.50 6198 33.30     0.00    0  0.00     0.00    0  0.00  30 19 50  23.58 17.41 10.41
    5.48 7112 38.08     0.00    0  0.00     0.00    0  0.00  34 19 47  23.58 17.41 10.41
    7.14 6422 44.79     0.00    0  0.00     0.00    0  0.00  32 18 50  23.58 17.41 10.41
    5.50 6494 34.91     0.00    0  0.00     0.00    0  0.00  33 19 48  23.78 17.55 10.50
    8.31 6400 51.96     0.00    0  0.00     0.00    0  0.00  33 19 48  23.78 17.55 10.50
    7.32 7239 51.72     0.00    0  0.00     0.00    0  0.00  33 24 43  23.78 17.55 10.50
    5.74 5076 28.45     0.00    0  0.00     0.00    0  0.00  40 21 39  23.78 17.55 10.50
    5.52 6137 33.11     0.00    0  0.00     0.00    0  0.00  32 21 47  23.78 17.55 10.50
    5.40 6325 33.33     0.00    0  0.00     0.00    0  0.00  30 19 51  23.07 17.51 10.53
    5.71 5523 30.78     0.00    0  0.00     0.00    0  0.00  31 19 50  23.07 17.51 10.53
    5.49 6279 33.67     0.00    0  0.00     0.00    0  0.00  31 19 50  23.07 17.51 10.53
    5.56 7039 38.19     0.00    0  0.00     0.00    0  0.00  30 20 49  23.07 17.51 10.53
    5.57 6628 36.05     0.00    0  0.00     0.00    0  0.00  31 19 50  23.07 17.60 10.60
    5.58 6436 35.07     0.00    0  0.00     0.00    0  0.00  33 19 47  23.07 17.60 10.60
              disk0               disk4               disk6       cpu    load average
    KB/t  tps  MB/s     KB/t  tps  MB/s     KB/t  tps  MB/s  us sy id   1m   5m   15m
    5.59 7584 41.43     0.00    0  0.00     0.00    0  0.00  29 20 51  23.07 17.60 10.60
    5.56 5786 31.44     0.00    0  0.00     0.00    0  0.00  31 19 49  23.07 17.60 10.60
    5.49 6035 32.36     0.00    0  0.00     0.00    0  0.00  36 22 43  23.07 17.60 10.60
    5.51 6421 34.56     0.00    0  0.00     0.00    0  0.00  33 19 48  22.58 17.59 10.64
    5.51 6161 33.14     0.00    0  0.00     0.00    0  0.00  30 19 51  22.58 17.59 10.64
    7.82 6910 52.75     0.00    0  0.00     0.00    0  0.00  30 21 49  22.58 17.59 10.64
    9.26 6612 59.77     0.00    0  0.00     0.00    0  0.00  35 23 41  22.58 17.59 10.64
    6.20 7228 43.79     0.00    0  0.00     0.00    0  0.00  31 20 49  22.58 17.59 10.64
    5.77 6150 34.66     0.00    0  0.00     0.00    0  0.00  30 20 50  23.98 17.96 10.81
    5.49 6252 33.54     0.00    0  0.00     0.00    0  0.00  29 19 53  23.98 17.96 10.81
    5.41 5075 26.79     0.00    0  0.00     0.00    0  0.00  39 22 38  23.98 17.96 10.81
    5.91 6402 36.95     0.00    0  0.00     0.00    0  0.00  33 19 48  23.98 17.96 10.81
    7.58 6598 48.83     0.00    0  0.00     0.00    0  0.00  30 20 50  23.98 17.96 10.81
    5.76 6000 33.72     0.00    0  0.00     0.00    0  0.00  29 20 51  23.58 17.98 10.86
    5.44 5859 31.11     0.00    0  0.00     0.00    0  0.00  31 18 51  23.58 17.98 10.86
    5.65 6149 33.90     0.00    0  0.00     0.00    0  0.00  34 20 46  23.58 17.98 10.86
    5.58 6351 34.58     0.00    0  0.00     0.00    0  0.00  32 19 50  23.58 17.98 10.86
    6.39 7812 48.78     0.00    0  0.00     0.00    0  0.00  32 19 49  23.58 17.98 10.86
    8.67 5948 50.35     0.00    0  0.00     0.00    0  0.00  30 18 52  24.17 18.19 10.97
    5.87 6514 37.35     0.00    0  0.00     0.00    0  0.00  31 20 50  24.17 18.19 10.97
              disk0               disk4               disk6       cpu    load average
    KB/t  tps  MB/s     KB/t  tps  MB/s     KB/t  tps  MB/s  us sy id   1m   5m   15m
    8.71 7685 65.39     0.00    0  0.00     0.00    0  0.00  30 23 48  24.17 18.19 10.97
    8.99 7411 65.08     0.00    0  0.00     0.00    0  0.00  31 21 47  24.17 18.19 10.97
    5.74 6517 36.53     0.00    0  0.00     0.00    0  0.00  33 20 47  24.17 18.19 10.97
    5.59 6288 34.34     0.00    0  0.00     0.00    0  0.00  30 20 50  24.96 18.45 11.11
    6.58 4851 31.18     0.00    0  0.00     0.00    0  0.00  45 28 26  24.96 18.45 11.11
    6.07 7927 46.96     0.00    0  0.00     0.00    0  0.00  31 22 47  24.96 18.45 11.11
    5.76 7813 43.95     0.00    0  0.00     0.00    0  0.00  34 21 46  24.96 18.45 11.11
    6.08 5639 33.51     0.00    0  0.00     0.00    0  0.00  29 22 49  24.96 18.45 11.11
    5.50 6530 35.07     0.00    0  0.00     0.00    0  0.00  30 19 51  24.96 18.56 11.19
    5.50 6288 33.79     0.00    0  0.00     0.00    0  0.00  30 19 50  24.96 18.56 11.19
    5.41 6927 36.60     0.00    0  0.00     0.00    0  0.00  35 20 45  24.96 18.56 11.19
    5.54 6339 34.31     0.00    0  0.00     0.00    0  0.00  36 22 42  24.96 18.56 11.19
    5.56 6129 33.28     0.00    0  0.00     0.00    0  0.00  32 20 48  24.96 18.56 11.19
    5.38 6736 35.41     0.00    0  0.00     0.00    0  0.00  29 19 51  25.44 18.77 11.31
    5.57 5832 31.74     0.00    0  0.00     0.00    0  0.00  30 19 51  25.44 18.77 11.31
    5.52 6187 33.33     0.00    0  0.00     0.00    0  0.00  30 20 50  25.44 18.77 11.31
    7.99 6572 51.30     0.00    0  0.00     0.00    0  0.00  31 20 49  25.44 18.77 11.31
    5.46 6557 34.94     0.00    0  0.00     0.00    0  0.00  29 18 52  25.44 18.77 11.31
    5.51 6144 33.08     0.00    0  0.00     0.00    0  0.00  32 19 49  25.09 18.81 11.36
    5.69 6159 34.21     0.00    0  0.00     0.00    0  0.00  36 21 43  25.09 18.81 11.36
              disk0               disk4               disk6       cpu    load average
    KB/t  tps  MB/s     KB/t  tps  MB/s     KB/t  tps  MB/s  us sy id   1m   5m   15m
    5.84 5284 30.11     0.00    0  0.00     0.00    0  0.00  46 26 28  25.09 18.81 11.36
    5.72 6048 33.81     0.00    0  0.00     0.00    0  0.00  37 20 43  25.09 18.81 11.36
    5.83 6803 38.76     0.00    0  0.00     0.00    0  0.00  29 20 51  25.09 18.81 11.36
    6.42 6225 39.02     0.00    0  0.00     0.00    0  0.00  28 20 52  23.88 18.66 11.35
    5.60 7239 39.61     0.00    0  0.00     0.00    0  0.00  28 22 50  23.88 18.66 11.35
    5.53 5612 30.33     0.00    0  0.00     0.00    0  0.00  28 20 53  23.88 18.66 11.35
    5.46 6507 34.67     0.00    0  0.00     0.00    0  0.00  34 19 47  23.88 18.66 11.35
    7.07 6899 47.63     0.00    0  0.00     0.00    0  0.00  27 20 53  23.88 18.66 11.35
    8.58 6073 50.86     0.00    0  0.00     0.00    0  0.00  25 20 55  22.77 18.52 11.35
    5.49 6462 34.66     0.00    0  0.00     0.00    0  0.00  30 19 51  22.77 18.52 11.35
    6.03 6487 38.20     0.00    0  0.00     0.00    0  0.00  33 19 48  22.77 18.52 11.35
    8.46 6948 57.41     0.00    0  0.00     0.00    0  0.00  40 21 39  22.77 18.52 11.35
    5.83 6169 35.11     0.00    0  0.00     0.00    0  0.00  35 23 42  22.77 18.52 11.35
    5.47 5688 30.38     0.00    0  0.00     0.00    0  0.00  27 22 51  23.51 18.74 11.47
    5.45 6471 34.46     0.00    0  0.00     0.00    0  0.00  29 20 51  23.51 18.74 11.47
    5.47 6369 34.03     0.00    0  0.00     0.00    0  0.00  30 19 50  23.51 18.74 11.47
    5.01 9789 47.91     0.00    0  0.00     0.00    0  0.00  31 20 49  23.51 18.74 11.47
    5.98 5491 32.08     0.00    0  0.00     0.00    0  0.00  26 20 55  23.51 18.74 11.47
    6.33 6107 37.73     0.00    0  0.00     0.00    0  0.00  31 22 46  21.94 18.49 11.42
    6.07 6380 37.80     0.00    0  0.00     0.00    0  0.00  27 21 52  21.94 18.49 11.42
              disk0               disk4               disk6       cpu    load average
    KB/t  tps  MB/s     KB/t  tps  MB/s     KB/t  tps  MB/s  us sy id   1m   5m   15m
    5.44 6867 36.50     0.00    0  0.00     0.00    0  0.00  26 21 52  21.94 18.49 11.42
    5.43 5872 31.17     0.00    0  0.00     0.00    0  0.00  25 21 54  21.94 18.49 11.42
    6.46 6474 40.83     0.00    0  0.00     0.00    0  0.00  29 21 50  21.94 18.49 11.42
    5.43 6238 33.07     0.00    0  0.00     0.00    0  0.00  31 18 51  21.47 18.45 11.45
    5.32 7049 36.65     0.00    0  0.00     0.00    0  0.00  30 18 52  21.47 18.45 11.45
    5.81 5139 29.15     0.00    0  0.00     0.00    0  0.00  27 18 55  21.47 18.45 11.45
    5.76 6115 34.37     0.00    0  0.00     0.00    0  0.00  32 20 48  21.47 18.45 11.45
    8.14 7199 57.26     0.00    0  0.00     0.00    0  0.00  31 18 51  21.47 18.45 11.45
    7.69 5511 41.40     0.00    0  0.00     0.00    0  0.00  35 31 34  21.11 18.43 11.48
   11.39 6792 75.56     0.00    0  0.00     0.00    0  0.00  32 23 45  21.11 18.43 11.48
    5.54 5835 31.56     0.00    0  0.00     0.00    0  0.00  31 20 49  21.11 18.43 11.48
    5.58 5983 32.61     0.00    0  0.00     0.00    0  0.00  30 20 50  21.11 18.43 11.48
    8.29 6371 51.60     0.00    0  0.00     0.00    0  0.00  28 21 51  21.11 18.43 11.48
    5.76 7024 39.51     0.00    0  0.00     0.00    0  0.00  31 18 51  20.06 18.25 11.46
    6.22 6595 40.07     0.00    0  0.00     0.00    0  0.00  37 20 43  20.06 18.25 11.46
    6.41 5309 33.21     0.00    0  0.00     0.00    0  0.00  26 19 55  20.06 18.25 11.46
    9.46 6108 56.45     0.00    0  0.00     0.00    0  0.00  30 19 51  20.06 18.25 11.46
   14.77 6677 96.28     0.00    0  0.00     0.00    0  0.00  38 19 43  20.06 18.25 11.46
    5.81 5977 33.90     0.00    0  0.00     0.00    0  0.00  26 22 52  19.09 18.08 11.44
    5.45 5730 30.48     0.00    0  0.00     0.00    0  0.00  31 18 51  19.09 18.08 11.44
              disk0               disk4               disk6       cpu    load average
    KB/t  tps  MB/s     KB/t  tps  MB/s     KB/t  tps  MB/s  us sy id   1m   5m   15m
    8.61 5783 48.62     0.00    0  0.00     0.00    0  0.00  26 19 55  19.09 18.08 11.44
    6.06 6233 36.91     0.00    0  0.00     0.00    0  0.00  30 19 51  19.09 18.08 11.44
    6.69 5874 38.40     0.00    0  0.00     0.00    0  0.00  40 25 36  19.09 18.08 11.44
    8.33 5845 47.53     0.00    0  0.00     0.00    0  0.00  42 20 38  18.21 17.92 11.42
    5.48 6084 32.57     0.00    0  0.00     0.00    0  0.00  32 19 49  18.21 17.92 11.42
    5.90 10199 58.81     0.00    0  0.00     0.00    0  0.00  28 21 51  18.21 17.92 11.42
    5.45 5531 29.43     0.00    0  0.00     0.00    0  0.00  37 21 42  18.21 17.92 11.42
    7.92 6174 47.75     0.00    0  0.00     0.00    0  0.00  29 20 52  18.21 17.92 11.42
    5.70 6288 35.01     0.00    0  0.00     0.00    0  0.00  29 19 51  17.39 17.75 11.40
    5.62 6277 34.45     0.00    0  0.00     0.00    0  0.00  31 20 48  17.39 17.75 11.40
    5.45 6744 35.88     0.00    0  0.00     0.00    0  0.00  30 19 52  17.39 17.75 11.40
    5.57 6311 34.33     0.00    0  0.00     0.00    0  0.00  29 20 51  17.39 17.75 11.40
    6.98 6194 42.25     0.00    0  0.00     0.00    0  0.00  29 26 44  17.39 17.75 11.40
    5.91 4452 25.69     0.00    0  0.00     0.00    0  0.00  38 24 38  16.72 17.61 11.38
    6.47 6343 40.07     0.00    0  0.00     0.00    0  0.00  28 20 52  16.72 17.61 11.38
    5.38 6067 31.89     0.00    0  0.00     0.00    0  0.00  30 23 48  16.72 17.61 11.38
    5.65 5045 27.82     0.00    0  0.00     0.00    0  0.00  28 19 54  16.72 17.61 11.38
    6.12 6886 41.12     0.00    0  0.00     0.00    0  0.00  32 19 48  16.72 17.61 11.38
    6.42 6364 39.93     0.00    0  0.00     0.00    0  0.00  31 19 50  16.26 17.50 11.38
    8.16 5896 46.99     0.00    0  0.00     0.00    0  0.00  30 19 51  16.26 17.50 11.38
              disk0               disk4               disk6       cpu    load average
    KB/t  tps  MB/s     KB/t  tps  MB/s     KB/t  tps  MB/s  us sy id   1m   5m   15m
    6.53 6022 38.41     0.00    0  0.00     0.00    0  0.00  29 20 51  16.26 17.50 11.38
    5.82 6514 37.01     0.00    0  0.00     0.00    0  0.00  45 20 35  16.26 17.50 11.38
    5.68 6285 34.89     0.00    0  0.00     0.00    0  0.00  33 21 47  16.26 17.50 11.38
    5.45 6340 33.72     0.00    0  0.00     0.00    0  0.00  33 22 46  16.08 17.44 11.40
    5.39 7226 38.04     0.00    0  0.00     0.00    0  0.00  35 19 47  16.08 17.44 11.40
    5.99 5937 34.72     0.00    0  0.00     0.00    0  0.00  40 19 41  16.08 17.44 11.40
    7.19 5564 39.08     0.00    0  0.00     0.00    0  0.00  43 21 36  16.08 17.44 11.40
    6.67 6498 42.35     0.00    0  0.00     0.00    0  0.00  40 34 26  16.08 17.44 11.40
   11.79 6207 71.46     0.00    0  0.00     0.00    0  0.00  47 34 19  16.15 17.43 11.43
    6.28 6324 38.79     0.00    0  0.00     0.00    0  0.00  46 36 18  16.15 17.43 11.43
    5.69 5574 30.98     0.00    0  0.00     0.00    0  0.00  56 40  4  16.15 17.43 11.43
    7.70 5714 42.95     0.00    0  0.00     0.00    0  0.00  50 45  4  16.15 17.43 11.43
    6.03 5339 31.43     0.00    0  0.00     0.00    0  0.00  51 45  5  16.15 17.43 11.43
    5.51 5592 30.10     0.00    0  0.00     0.00    0  0.00  51 44  5  16.86 17.56 11.51
    6.45 6296 39.65     0.00    0  0.00     0.00    0  0.00  53 42  5  16.86 17.56 11.51
    8.68 5481 46.47     0.00    0  0.00     0.00    0  0.00  51 43  6  16.86 17.56 11.51
    5.80 5663 32.10     0.00    0  0.00     0.00    0  0.00  47 45  8  16.86 17.56 11.51
    5.86 5154 29.50     0.00    0  0.00     0.00    0  0.00  52 42  6  16.86 17.56 11.51
    5.90 3457 19.91     0.00    0  0.00     0.00    0  0.00  50 43  7  18.39 17.86 11.65
    5.60 5103 27.93     0.00    0  0.00     0.00    0  0.00  55 39  5  18.39 17.86 11.65
              disk0               disk4               disk6       cpu    load average
    KB/t  tps  MB/s     KB/t  tps  MB/s     KB/t  tps  MB/s  us sy id   1m   5m   15m
    5.55 5553 30.07     0.00    0  0.00     0.00    0  0.00  53 42  5  18.39 17.86 11.65
    6.56 9473 60.70     0.00    0  0.00     0.00    0  0.00  42 48  9  18.39 17.86 11.65
    8.51 5941 49.40     0.00    0  0.00     0.00    0  0.00  44 45 11  18.39 17.86 11.65
    5.38 6568 34.50     0.00    0  0.00     0.00    0  0.00  45 45 10  21.08 18.43 11.89
    5.61 5548 30.39     0.00    0  0.00     0.00    0  0.00  46 44  9  21.08 18.43 11.89
    7.82 4752 36.30     0.00    0  0.00     0.00    0  0.00  54 38  7  21.08 18.43 11.89
    5.75 5234 29.36     0.00    0  0.00     0.00    0  0.00  41 42 16  21.08 18.43 11.89
    5.63 5889 32.38     0.00    0  0.00     0.00    0  0.00  46 46  9  21.08 18.43 11.89
    5.54 5473 29.59     0.00    0  0.00     0.00    0  0.00  48 44  8  20.92 18.44 11.93
    7.23 5176 36.56     0.00    0  0.00     0.00    0  0.00  45 46  9  20.92 18.44 11.93
    5.45 6658 35.46     0.00    0  0.00     0.00    0  0.00  46 45  9  20.92 18.44 11.93
    6.02 5621 33.04     0.00    0  0.00     0.00    0  0.00  49 43  8  20.92 18.44 11.93
    6.28 5719 35.08     0.00    0  0.00     0.00    0  0.00  47 43 10  20.92 18.44 11.93
    8.81 5581 48.04     0.00    0  0.00     0.00    0  0.00  40 42 19  21.08 18.51 11.99
    5.47 5789 30.90     0.00    0  0.00     0.00    0  0.00  44 46 10  21.08 18.51 11.99
    5.61 5562 30.46     0.00    0  0.00     0.00    0  0.00  45 46  9  21.08 18.51 11.99
   14.24 7356 102.28     0.00    0  0.00     0.00    0  0.00  46 43 11  21.08 18.51 11.99
    6.23 11484 69.92     0.00    0  0.00     0.00    0  0.00  43 46 11  21.08 18.51 11.99
    4.80 11657 54.63     0.00    0  0.00     0.00    0  0.00  40 49 11  21.40 18.62 12.07
    8.70 6662 56.57     0.00    0  0.00     0.00    0  0.00  45 46  9  21.40 18.62 12.07
              disk0               disk4               disk6       cpu    load average
    KB/t  tps  MB/s     KB/t  tps  MB/s     KB/t  tps  MB/s  us sy id   1m   5m   15m
    8.08 5853 46.19     0.00    0  0.00     0.00    0  0.00  47 43 10  21.40 18.62 12.07
    8.72 5259 44.77     0.00    0  0.00     0.00    0  0.00  47 45  8  21.40 18.62 12.07
    5.48 3894 20.85     0.00    0  0.00     0.00    0  0.00  42 52  6  21.40 18.62 12.07
    6.27 6332 38.79     0.00    0  0.00     0.00    0  0.00  49 43  8  21.12 18.61 12.11
    5.70 5832 32.47     0.00    0  0.00     0.00    0  0.00  47 43  9  21.12 18.61 12.11
    5.74 5943 33.33     0.00    0  0.00     0.00    0  0.00  46 45  9  21.12 18.61 12.11
    5.54 6326 34.21     0.00    0  0.00     0.00    0  0.00  46 46  9  21.12 18.61 12.11
    5.55 4998 27.10     0.00    0  0.00     0.00    0  0.00  49 44  6  21.12 18.61 12.11
    7.68 5061 37.96     0.00    0  0.00     0.00    0  0.00  42 43 15  20.55 18.53 12.12
    5.44 5455 29.00     0.00    0  0.00     0.00    0  0.00  46 46  8  20.55 18.53 12.12
    6.97 5294 36.01     0.00    0  0.00     0.00    0  0.00  47 46  8  20.55 18.53 12.12
    8.33 4953 40.29     0.00    0  0.00     0.00    0  0.00  50 43  7  20.55 18.53 12.12
    5.56 5212 28.32     0.00    0  0.00     0.00    0  0.00  48 44  8  21.07 18.67 12.20
    5.64 5558 30.61     0.00    0  0.00     0.00    0  0.00  46 46  8  21.07 18.67 12.20
    5.37 6538 34.26     0.00    0  0.00     0.00    0  0.00  48 44  8  21.07 18.67 12.20
    6.13 5483 32.81     0.00    0  0.00     0.00    0  0.00  50 43  7  21.07 18.67 12.20
    5.52 5512 29.73     0.00    0  0.00     0.00    0  0.00  54 40  7  21.07 18.67 12.20
    6.59 5858 37.68     0.00    0  0.00     0.00    0  0.00  50 42  8  20.10 18.51 12.18
    6.26 5650 34.52     0.00    0  0.00     0.00    0  0.00  46 46  8  20.10 18.51 12.18
    5.49 5708 30.59     0.00    0  0.00     0.00    0  0.00  46 45  8  20.10 18.51 12.18
              disk0               disk4               disk6       cpu    load average
    KB/t  tps  MB/s     KB/t  tps  MB/s     KB/t  tps  MB/s  us sy id   1m   5m   15m
    5.78 6051 34.18     0.00    0  0.00     0.00    0  0.00  45 41 14  20.10 18.51 12.18
   10.33 6790 68.52     0.00    0  0.00     0.00    0  0.00  52 37 11  20.10 18.51 12.18
    8.55 6320 52.77     0.00    0  0.00     0.00    0  0.00  49 34 17  20.09 18.54 12.23
    6.82 5925 39.48     0.00    0  0.00     0.00    0  0.00  43 34 23  20.09 18.54 12.23
    5.83 4089 23.27     0.00    0  0.00     0.00    0  0.00  53 28 20  20.09 18.54 12.23
    6.49 5956 37.73     0.00    0  0.00     0.00    0  0.00  44 33 23  20.09 18.54 12.23
    6.10 8965 53.36     0.00    0  0.00     0.00    0  0.00  40 32 28  20.09 18.54 12.23
   14.78 6994 100.94     0.00    0  0.00     0.00    0  0.00  46 33 21  20.17 18.58 12.28
    6.84 5718 38.19     0.00    0  0.00     0.00    0  0.00  43 34 23  20.17 18.58 12.28
    6.59 5855 37.66     0.00    0  0.00     0.00    0  0.00  44 36 21  20.17 18.58 12.28
    7.11 6864 47.64     0.00    0  0.00     0.00    0  0.00  44 34 22  20.17 18.58 12.28
    6.12 6062 36.21     0.00    0  0.00     0.00    0  0.00  44 29 27  20.17 18.58 12.28
    8.33 5643 45.88     0.00    0  0.00     0.00    0  0.00  37 24 39  20.23 18.62 12.33
    6.10 6745 40.17     0.00    0  0.00     0.00    0  0.00  35 19 46  20.23 18.62 12.33
    8.67 7026 59.46     0.00    0  0.00     0.00    0  0.00  39 24 36  20.23 18.62 12.33
    5.49 6264 33.58     0.00    0  0.00     0.00    0  0.00  37 18 45  20.23 18.62 12.33
    6.01 5027 29.49     0.00    0  0.00     0.00    0  0.00  47 20 33  20.23 18.62 12.33
    6.45 6340 39.96     0.00    0  0.00     0.00    0  0.00  38 21 41  19.25 18.44 12.31
    5.68 5586 31.00     0.00    0  0.00     0.00    0  0.00  39 19 42  19.25 18.44 12.31
    6.75 6552 43.16     0.00    0  0.00     0.00    0  0.00  35 19 47  19.25 18.44 12.31
              disk0               disk4               disk6       cpu    load average
    KB/t  tps  MB/s     KB/t  tps  MB/s     KB/t  tps  MB/s  us sy id   1m   5m   15m
    7.60 5990 44.45     0.00    0  0.00     0.00    0  0.00  36 19 45  19.25 18.44 12.31
    6.77 6629 43.80     0.00    0  0.00     0.00    0  0.00  40 19 41  19.25 18.44 12.31
    5.50 6274 33.67     0.00    0  0.00     0.00    0  0.00  35 18 47  19.39 18.48 12.36
    9.00 7539 66.29     0.00    0  0.00     0.00    0  0.00  35 18 46  19.39 18.48 12.36
    5.45 6259 33.29     0.00    0  0.00     0.00    0  0.00  34 17 48  19.39 18.48 12.36
    6.15 5861 35.22     0.00    0  0.00     0.00    0  0.00  39 17 44  19.39 18.48 12.36
    8.96 6967 60.95     0.00    0  0.00     0.00    0  0.00  30 19 51  19.39 18.48 12.36
    8.14 6151 48.86     0.00    0  0.00     0.00    0  0.00  28 19 54  18.64 18.34 12.34
    7.29 5800 41.29     0.00    0  0.00     0.00    0  0.00  29 19 52  18.64 18.34 12.34
    6.82 6350 42.28     0.00    0  0.00     0.00    0  0.00  30 19 51  18.64 18.34 12.34
    5.74 6226 34.93     0.00    0  0.00     0.00    0  0.00  31 20 50  18.64 18.34 12.34
    6.92 7380 49.84     0.00    0  0.00     0.00    0  0.00  33 18 49  18.64 18.34 12.34
    9.02 6463 56.92     0.00    0  0.00     0.00    0  0.00  31 18 51  17.55 18.12 12.30
   12.16 5092 60.46     0.00    0  0.00     0.00    0  0.00  40 19 41  17.55 18.12 12.30
    7.37 6692 48.14     0.00    0  0.00     0.00    0  0.00  34 19 47  17.55 18.12 12.30
    5.85 6683 38.17     0.00    0  0.00     0.00    0  0.00  33 19 49  17.55 18.12 12.30
    6.02 5115 30.09     0.00    0  0.00     0.00    0  0.00  29 18 53  17.55 18.12 12.30
   28.78 6633 186.43     0.00    0  0.00     0.00    0  0.00  29 19 51  17.02 18.00 12.29
   10.71 6130 64.11     0.00    0  0.00     0.00    0  0.00  33 19 48  17.02 18.00 12.29
    6.61 6242 40.31     0.00    0  0.00     0.00    0  0.00  30 18 52  17.02 18.00 12.29
              disk0               disk4               disk6       cpu    load average
    KB/t  tps  MB/s     KB/t  tps  MB/s     KB/t  tps  MB/s  us sy id   1m   5m   15m
    8.94 6260 54.65     0.00    0  0.00     0.00    0  0.00  31 18 50  17.02 18.00 12.29
    5.97 6354 37.03     0.00    0  0.00     0.00    0  0.00  34 18 48  17.02 18.00 12.29
    5.74 6809 38.18     0.00    0  0.00     0.00    0  0.00  30 20 50  16.30 17.84 12.27
    7.56 6481 47.85     0.00    0  0.00     0.00    0  0.00  30 19 51  16.30 17.84 12.27
    6.91 6427 43.39     0.00    0  0.00     0.00    0  0.00  30 20 51  16.30 17.84 12.27
    5.56 6419 34.83     0.00    0  0.00     0.00    0  0.00  31 19 50  16.30 17.84 12.27
    6.84 9373 62.57     0.00    0  0.00     0.00    0  0.00  31 20 49  16.30 17.84 12.27
    9.49 7596 70.41     0.00    0  0.00     0.00    0  0.00  27 20 53  15.96 17.74 12.26
    5.44 6599 35.05     0.00    0  0.00     0.00    0  0.00  34 18 48  15.96 17.74 12.26
    5.61 6480 35.51     0.00    0  0.00     0.00    0  0.00  36 19 45  15.96 17.74 12.26
    5.62 6028 33.11     0.00    0  0.00     0.00    0  0.00  23 18 59  15.96 17.74 12.26
    6.68 5178 33.76     0.00    0  0.00     0.00    0  0.00  39 25 37  15.96 17.74 12.26
   11.36 10006 110.98     0.00    0  0.00     0.00    0  0.00  27 19 53  15.00 17.51 12.22
    4.77 14872 69.23     0.00    0  0.00     0.00    0  0.00  19 23 58  15.00 17.51 12.22
    9.77 6955 66.36     0.00    0  0.00     0.00    0  0.00  28 19 53  15.00 17.51 12.22
    7.99 6305 49.21     0.00    0  0.00     0.00    0  0.00  34 19 48  15.00 17.51 12.22
    7.92 6472 50.09     0.00    0  0.00     0.00    0  0.00  28 18 54  15.00 17.51 12.22
    7.39 5868 42.33     0.00    0  0.00     0.00    0  0.00  28 19 53  14.44 17.35 12.19
    7.29 5680 40.45     0.00    0  0.00     0.00    0  0.00  42 21 38  14.44 17.35 12.19
    8.68 6026 51.07     0.00    0  0.00     0.00    0  0.00  35 20 46  14.44 17.35 12.19
              disk0               disk4               disk6       cpu    load average
    KB/t  tps  MB/s     KB/t  tps  MB/s     KB/t  tps  MB/s  us sy id   1m   5m   15m
   15.12 7400 109.25     0.00    0  0.00     0.00    0  0.00  29 20 51  14.44 17.35 12.19
   13.17 6419 82.54     0.00    0  0.00     0.00    0  0.00  29 20 51  14.44 17.35 12.19
    5.59 7091 38.73     0.00    0  0.00     0.00    0  0.00  32 19 49  14.24 17.26 12.19
    5.44 5047 26.84     0.00    0  0.00     0.00    0  0.00  40 18 42  14.24 17.26 12.19
    6.38 6266 39.06     0.00    0  0.00     0.00    0  0.00  28 21 51  14.24 17.26 12.19
   10.99 6040 64.84     0.00    0  0.00     0.00    0  0.00  31 19 49  14.24 17.26 12.19
   16.41 5050 80.90     0.00    0  0.00     0.00    0  0.00  24 19 57  14.24 17.26 12.19
   19.15 6246 116.83     0.00    0  0.00     0.00    0  0.00  27 20 53  14.46 17.26 12.22
   10.63 6210 64.49     0.00    0  0.00     0.00    0  0.00  32 20 48  14.46 17.26 12.22
    8.16 6425 51.23     0.00    0  0.00     0.00    0  0.00  31 19 50  14.46 17.26 12.22
   10.68 6980 72.80     0.00    0  0.00     0.00    0  0.00  36 19 44  14.46 17.26 12.22
   10.19 6364 63.32     0.00    0  0.00     0.00    0  0.00  31 19 50  14.46 17.26 12.22
    7.71 7230 54.40     0.00    0  0.00     0.00    0  0.00  31 19 49  14.35 17.19 12.22
    7.35 5844 41.96     0.00    0  0.00     0.00    0  0.00  29 20 52  14.35 17.19 12.22
   10.14 6269 62.08     0.00    0  0.00     0.00    0  0.00  30 19 51  14.35 17.19 12.22
    5.81 6254 35.51     0.00    0  0.00     0.00    0  0.00  32 18 50  14.35 17.19 12.22
    6.47 6211 39.23     0.00    0  0.00     0.00    0  0.00  32 20 48  14.35 17.19 12.22
    5.92 5685 32.90     0.00    0  0.00     0.00    0  0.00  30 19 51  13.92 17.05 12.20
    6.18 6771 40.89     0.00    0  0.00     0.00    0  0.00  33 18 50  13.92 17.05 12.20
    7.00 6639 45.37     0.00    0  0.00     0.00    0  0.00  31 19 50  13.92 17.05 12.20
              disk0               disk4               disk6       cpu    load average
    KB/t  tps  MB/s     KB/t  tps  MB/s     KB/t  tps  MB/s  us sy id   1m   5m   15m
   10.63 5956 61.83     0.00    0  0.00     0.00    0  0.00  28 19 53  13.92 17.05 12.20
    8.07 3963 31.21     0.00    0  0.00     0.00    0  0.00  34 24 42  13.92 17.05 12.20
    6.85 6639 44.39     0.00    0  0.00     0.00    0  0.00  32 18 50  14.00 17.02 12.22
    7.39 6425 46.36     0.00    0  0.00     0.00    0  0.00  31 19 50  14.00 17.02 12.22
    6.75 5260 34.66     0.00    0  0.00     0.00    0  0.00  28 17 55  14.00 17.02 12.22
    6.12 6211 37.11     0.00    0  0.00     0.00    0  0.00  27 20 53  14.00 17.02 12.22
   11.08 9680 104.75     0.00    0  0.00     0.00    0  0.00  24 18 57  14.00 17.02 12.22
    7.17 12614 88.35     0.00    0  0.00     0.00    0  0.00  27 22 52  14.24 17.02 12.25
    5.50 8151 43.79     0.00    0  0.00     0.00    0  0.00  31 19 51  14.24 17.02 12.25
    5.74 6585 36.90     0.00    0  0.00     0.00    0  0.00  30 19 51  14.24 17.02 12.25
    7.64 11523 85.98     0.00    0  0.00     0.00    0  0.00  20 25 55  14.24 17.02 12.25
    5.23 7629 38.95     0.00    0  0.00     0.00    0  0.00  21 20 59  14.24 17.02 12.25
    5.56 6371 34.57     0.00    0  0.00     0.00    0  0.00  28 21 51  13.50 16.82 12.20
    5.47 5210 27.84     0.00    0  0.00     0.00    0  0.00  38 21 40  13.50 16.82 12.20
    5.44 5981 31.78     0.00    0  0.00     0.00    0  0.00  26 22 52  13.50 16.82 12.20
    5.31 6718 34.81     0.00    0  0.00     0.00    0  0.00  31 21 47  13.50 16.82 12.20
    6.98 6587 44.88     0.00    0  0.00     0.00    0  0.00  36 21 43  13.50 16.82 12.20
    5.48 5323 28.50     0.00    0  0.00     0.00    0  0.00  30 21 49  13.38 16.74 12.20
    6.25 5076 30.99     0.00    0  0.00     0.00    0  0.00  32 18 51  13.38 16.74 12.20
    5.39 6127 32.27     0.00    0  0.00     0.00    0  0.00  30 17 53  13.38 16.74 12.20
              disk0               disk4               disk6       cpu    load average
    KB/t  tps  MB/s     KB/t  tps  MB/s     KB/t  tps  MB/s  us sy id   1m   5m   15m
    5.61 6605 36.18     0.00    0  0.00     0.00    0  0.00  30 19 51  13.38 16.74 12.20
    6.43 6681 41.94     0.00    0  0.00     0.00    0  0.00  28 20 52  13.38 16.74 12.20
    8.92 5973 52.03     0.00    0  0.00     0.00    0  0.00  32 19 49  13.19 16.64 12.19
    8.53 7359 61.30     0.00    0  0.00     0.00    0  0.00  31 19 51  13.19 16.64 12.19
    5.80 6176 34.99     0.00    0  0.00     0.00    0  0.00  31 19 50  13.19 16.64 12.19
    9.29 6702 60.83     0.00    0  0.00     0.00    0  0.00  33 19 49  13.19 16.64 12.19
    5.40 6444 33.95     0.00    0  0.00     0.00    0  0.00  30 22 48  13.19 16.64 12.19
    5.50 6382 34.31     0.00    0  0.00     0.00    0  0.00  30 20 50  14.86 16.93 12.32
    5.76 6572 36.96     0.00    0  0.00     0.00    0  0.00  39 19 42  14.86 16.93 12.32
    5.43 6333 33.61     0.00    0  0.00     0.00    0  0.00  29 19 52  14.86 16.93 12.32
    5.53 6411 34.64     0.00    0  0.00     0.00    0  0.00  31 22 46  14.86 16.93 12.32
    5.87 4447 25.49     0.00    0  0.00     0.00    0  0.00  37 29 34  14.86 16.93 12.32
    8.18 6320 50.46     0.00    0  0.00     0.00    0  0.00  33 24 43  15.99 17.13 12.42
    5.47 6422 34.32     0.00    0  0.00     0.00    0  0.00  31 20 50  15.99 17.13 12.42
    5.42 7049 37.33     0.00    0  0.00     0.00    0  0.00  30 19 50  15.99 17.13 12.42
    5.54 5906 31.98     0.00    0  0.00     0.00    0  0.00  31 19 50  15.99 17.13 12.42
    5.93 6482 37.54     0.00    0  0.00     0.00    0  0.00  30 19 51  15.99 17.13 12.42
    6.85 5306 35.50     0.00    0  0.00     0.00    0  0.00  40 18 42  17.59 17.44 12.56
    6.12 6502 38.84     0.00    0  0.00     0.00    0  0.00  33 19 48  17.59 17.44 12.56
    5.44 6923 36.78     0.00    0  0.00     0.00    0  0.00  32 19 49  17.59 17.44 12.56
              disk0               disk4               disk6       cpu    load average
    KB/t  tps  MB/s     KB/t  tps  MB/s     KB/t  tps  MB/s  us sy id   1m   5m   15m
    5.54 6495 35.17     0.00    0  0.00     0.00    0  0.00  33 20 47  17.59 17.44 12.56
    5.52 6263 33.73     0.00    0  0.00     0.00    0  0.00  30 20 51  17.59 17.44 12.56
    5.33 7114 37.05     0.00    0  0.00     0.00    0  0.00  32 19 49  17.70 17.47 12.60
    5.60 6488 35.47     0.00    0  0.00     0.00    0  0.00  36 20 44  17.70 17.47 12.60
