=====NEW TRIAL=====
              disk0               disk4               disk6       cpu    load average
    KB/t  tps  MB/s     KB/t  tps  MB/s     KB/t  tps  MB/s  us sy id   1m   5m   15m
   13.63  134  1.78     8.59    0  0.00   115.32    0  0.00  16  5 79  6.35 5.04 4.05
   35.95 1021 35.83     0.00    0  0.00     0.00    0  0.00  40  8 51  6.35 5.04 4.05
    7.75 4764 36.07     0.00    0  0.00     0.00    0  0.00  34 17 49  6.35 5.04 4.05
    5.29 6326 32.68     0.00    0  0.00     0.00    0  0.00  36 22 42  7.76 5.35 4.16
    5.20 6840 34.74     0.00    0  0.00     0.00    0  0.00  40 21 40  7.76 5.35 4.16
    6.11 6093 36.39     0.00    0  0.00     0.00    0  0.00  44 23 33  7.76 5.35 4.16
    5.55 5792 31.37     0.00    0  0.00     0.00    0  0.00  42 23 36  7.76 5.35 4.16
    6.61 6010 38.77     0.00    0  0.00     0.00    0  0.00  45 28 27  7.76 5.35 4.16
    9.78 6891 65.84     0.00    0  0.00     0.00    0  0.00  39 36 25  10.34 5.93 4.37
    5.68 6360 35.25     0.00    0  0.00     0.00    0  0.00  39 28 33  10.34 5.93 4.37
    6.08 5945 35.32     0.00    0  0.00     0.00    0  0.00  37 21 42  10.34 5.93 4.37
