---------NEW-TRIAL----------
              disk0               disk4       cpu    load average
    KB/t  tps  MB/s     KB/t  tps  MB/s  us sy id   1m   5m   15m
   16.87  345  5.69     8.60    0  0.00  15  5 79  2.97 4.12 3.50
    7.00 1252  8.55     0.00    0  0.00  25 13 62  2.97 4.12 3.50
   10.33   36  0.36     0.00    0  0.00  23 10 66  2.97 4.12 3.50
   96.56  427 40.30     0.00    0  0.00  21 11 68  2.97 4.12 3.50
   23.65 2307 53.29     0.00    0  0.00  28 13 59  3.13 4.13 3.51
  146.56  224 32.11     0.00    0  0.00  21 10 69  3.13 4.13 3.51
  100.89  304 29.91     0.00    0  0.00  18 10 72  3.13 4.13 3.51
  124.11  324 39.33     0.00    0  0.00  18 10 72  3.13 4.13 3.51
  142.55  278 38.69     0.00    0  0.00  18 10 72  3.13 4.13 3.51
  142.44  282 39.19     0.00    0  0.00  18 10 72  3.12 4.11 3.51
  159.02  269 41.83     0.00    0  0.00  18 10 72  3.12 4.11 3.51
  156.17  277 42.24     0.00    0  0.00  18 10 72  3.12 4.11 3.51
  158.97  311 48.31     0.00    0  0.00  18 10 72  3.12 4.11 3.51
  168.26  198 32.54     0.00    0  0.00  18 10 72  3.12 4.11 3.51
  166.55  197 32.04     0.00    0  0.00  18 10 72  3.03 4.08 3.50
   85.31  418 34.86     0.00    0  0.00  18 11 71  3.03 4.08 3.50
  112.74  273 30.08     0.00    0  0.00  18 10 72  3.03 4.08 3.50
  146.72  343 49.18     0.00    0  0.00  18 10 72  3.03 4.08 3.50
  151.07  295 43.52     0.00    0  0.00  18 10 73  3.03 4.08 3.50
   41.07 1483 59.47     0.00    0  0.00  19 12 69  3.11 4.07 3.50
              disk0               disk4       cpu    load average
    KB/t  tps  MB/s     KB/t  tps  MB/s  us sy id   1m   5m   15m
   42.26 2828 116.70     0.00    0  0.00  21 14 65  3.11 4.07 3.50
   49.38 1418 68.40     0.00    0  0.00  22 14 64  3.11 4.07 3.50
   92.26 1013 91.29     0.00    0  0.00  25 11 63  3.11 4.07 3.50
   60.12  591 34.69     0.00    0  0.00  19 10 71  3.11 4.07 3.50
  145.20  312 44.19     0.00    0  0.00  18 10 72  3.10 4.06 3.50
  155.47  319 48.41     0.00    0  0.00  18 10 73  3.10 4.06 3.50
   73.62  467 33.61     0.00    0  0.00  19 10 71  3.10 4.06 3.50
  135.61  225 29.79     0.00    0  0.00  18 10 72  3.10 4.06 3.50
  149.84  268 39.21     0.00    0  0.00  19 11 70  3.10 4.06 3.50
  138.55  357 48.35     0.00    0  0.00  21 11 68  3.17 4.06 3.50
  149.59  220 32.17     0.00    0  0.00  24 12 64  3.17 4.06 3.50
   81.51  391 31.15     0.00    0  0.00  23 12 65  3.17 4.06 3.50
  156.07  305 46.46     0.00    0  0.00  19 11 69  3.17 4.06 3.50
   24.36 1023 24.34     0.00    0  0.00  28 12 60  3.17 4.06 3.50
   97.74  632 60.32     0.00    0  0.00  25 12 63  3.32 4.07 3.51
  157.75  261 40.13     0.00    0  0.00  18 10 72  3.32 4.07 3.51
  130.91  379 48.46     0.00    0  0.00  18 10 71  3.32 4.07 3.51
  155.58  211 32.08     0.00    0  0.00  20 10 70  3.32 4.07 3.51
  150.70  218 32.10     0.00    0  0.00  19 10 70  3.32 4.07 3.51
  149.06  211 30.70     0.00    0  0.00  18 10 72  3.29 4.05 3.51
              disk0               disk4       cpu    load average
    KB/t  tps  MB/s     KB/t  tps  MB/s  us sy id   1m   5m   15m
  161.06  293 46.11     0.00    0  0.00  18 10 72  3.29 4.05 3.51
  140.86  236 32.45     0.00    0  0.00  18 10 71  3.29 4.05 3.51
   70.49  676 46.52     0.00    0  0.00  20 10 70  3.29 4.05 3.51
  159.77  228 35.57     0.00    0  0.00  19  9 72  3.29 4.05 3.51
  156.23  226 34.50     0.00    0  0.00  19 10 72  3.35 4.05 3.51
  111.61  579 63.09     0.00    0  0.00  18 10 72  3.35 4.05 3.51
  154.91  212 32.09     0.00    0  0.00  18 10 72  3.35 4.05 3.51
  166.57  197 32.07     0.00    0  0.00  20 10 70  3.35 4.05 3.51
  154.85  212 32.08     0.00    0  0.00  18 10 72  3.35 4.05 3.51
  160.44  307 48.06     0.00    0  0.00  18 11 71  3.40 4.05 3.51
  130.05  256 32.51     0.00    0  0.00  18 10 72  3.40 4.05 3.51
  155.64  166 25.28     0.00    0  0.00  18 10 72  3.40 4.05 3.51
  170.35  309 51.33     0.00    0  0.00  20 10 70  3.40 4.05 3.51
  124.46  359 43.57     0.00    0  0.00  23 11 66  3.40 4.05 3.51
  147.59  223 32.17     0.00    0  0.00  22 11 67  3.29 4.02 3.50
   47.82  740 34.56     0.00    0  0.00  28 11 60  3.29 4.02 3.50
   64.92  402 25.51     0.00    0  0.00  21 12 68  3.29 4.02 3.50
  136.60   60  7.97     0.00    0  0.00  20 10 70  3.29 4.02 3.50
   38.72   53  1.99     0.00    0  0.00  20 11 69  3.29 4.02 3.50
