---------NEW-TRIAL----------
              disk0               disk4       cpu    load average
    KB/t  tps  MB/s     KB/t  tps  MB/s  us sy id   1m   5m   15m
   16.84  344  5.66     8.60    0  0.00  15  5 79  1.85 2.29 2.57
    5.48 1037  5.55     0.00    0  0.00  16  4 80  1.85 2.29 2.57
    8.29   55  0.44     0.00    0  0.00  19  4 78  1.85 2.29 2.57
   21.74 1164 24.72     0.00    0  0.00  30  7 63  1.85 2.29 2.57
   26.40 1424 36.70     0.00    0  0.00  48 11 41  2.03 2.32 2.57
   27.60 1636 44.10     0.00    0  0.00  41  9 50  2.03 2.32 2.57
   26.08 2118 53.96     0.00    0  0.00  41  9 51  2.03 2.32 2.57
   25.74 1544 38.80     0.00    0  0.00  41  8 51  2.03 2.32 2.57
   25.82 1496 37.73     0.00    0  0.00  44 11 45  2.03 2.32 2.57
   31.41 1576 48.33     0.00    0  0.00  40  9 51  2.02 2.32 2.57
   17.80 2202 38.27     0.00    0  0.00  47 12 40  2.02 2.32 2.57
   30.20 1361 40.14     0.00    0  0.00  45  8 47  2.02 2.32 2.57
   33.45 1387 45.32     0.00    0  0.00  42 11 46  2.02 2.32 2.57
   22.52 1387 30.50     0.00    0  0.00  45 10 46  2.02 2.32 2.57
   23.43 2273 52.01     0.00    0  0.00  41  8 50  2.10 2.33 2.57
   25.39 1684 41.75     0.00    0  0.00  44 10 47  2.10 2.33 2.57
   25.33 1525 37.72     0.00    0  0.00  48 12 40  2.10 2.33 2.57
   24.73 1601 38.67     0.00    0  0.00  43 11 46  2.10 2.33 2.57
   19.64 2281 43.74     0.00    0  0.00  41  7 52  2.10 2.33 2.57
   30.42 1500 44.57     0.00    0  0.00  43  8 49  2.17 2.34 2.58
              disk0               disk4       cpu    load average
    KB/t  tps  MB/s     KB/t  tps  MB/s  us sy id   1m   5m   15m
   24.11 1488 35.04     0.00    0  0.00  43 13 44  2.17 2.34 2.58
   30.24 1438 42.48     0.00    0  0.00  47 10 44  2.17 2.34 2.58
   17.93 2193 38.40     0.00    0  0.00  43 11 46  2.17 2.34 2.58
   32.17 1240 38.95     0.00    0  0.00  43  7 49  2.17 2.34 2.58
   36.54 1296 46.25     0.00    0  0.00  42  7 51  2.24 2.35 2.58
   20.02 2143 41.89     0.00    0  0.00  42  8 50  2.24 2.35 2.58
   35.05 1273 43.59     0.00    0  0.00  45 14 41  2.24 2.35 2.58
   20.75 1903 38.56     0.00    0  0.00  47  8 45  2.24 2.35 2.58
   30.46 1213 36.09     0.00    0  0.00  44 10 45  2.24 2.35 2.58
   26.34 1440 37.03     0.00    0  0.00  44 10 46  2.38 2.38 2.59
   29.71 1345 39.03     0.00    0  0.00  48  8 44  2.38 2.38 2.59
   23.30 2251 51.23     0.00    0  0.00  51  8 41  2.38 2.38 2.59
   21.47 2033 42.63     0.00    0  0.00  42  8 50  2.38 2.38 2.59
   34.19 1119 37.34     0.00    0  0.00  45  8 47  2.38 2.38 2.59
   27.20 1392 36.98     0.00    0  0.00  47 13 39  2.43 2.39 2.59
   20.63 2277 45.86     0.00    0  0.00  49 10 41  2.43 2.39 2.59
   27.22 1813 48.19     0.00    0  0.00  47  9 44  2.43 2.39 2.59
   34.79 1198 40.69     0.00    0  0.00  48 11 42  2.43 2.39 2.59
   19.53 1342 25.59     0.00    0  0.00  46 10 45  2.43 2.39 2.59
   25.08 2003 49.05     0.00    0  0.00  46  9 46  2.63 2.43 2.60
              disk0               disk4       cpu    load average
    KB/t  tps  MB/s     KB/t  tps  MB/s  us sy id   1m   5m   15m
   20.94 2308 47.19     0.00    0  0.00  55 12 33  2.63 2.43 2.60
   28.27 1411 38.97     0.00    0  0.00  46 10 44  2.63 2.43 2.60
   22.79 2230 49.62     0.00    0  0.00  53 14 33  2.63 2.43 2.60
   26.78 1251 32.71     0.00    0  0.00  53 14 33  2.63 2.43 2.60
   31.38 1234 37.81     0.00    0  0.00  42  9 50  2.58 2.42 2.60
   17.38 2228 37.81     0.00    0  0.00  40 15 45  2.58 2.42 2.60
   20.79 2071 42.03     0.00    0  0.00  48  4 48  2.58 2.42 2.60
   29.40 1230 35.32     0.00    0  0.00  49  9 42  2.58 2.42 2.60
   32.14 1254 39.37     0.00    0  0.00  43 11 46  2.58 2.42 2.60
   32.38 1248 39.46     0.00    0  0.00  47 12 41  2.86 2.48 2.62
   14.61 2857 40.77     0.00    0  0.00  41  9 50  2.86 2.48 2.62
   31.97 1540 48.08     0.00    0  0.00  44  7 49  2.86 2.48 2.62
   32.40 1519 48.06     0.00    0  0.00  42  7 51  2.86 2.48 2.62
   21.23 2082 43.17     0.00    0  0.00  42  8 50  2.86 2.48 2.62
   30.72 1301 39.02     0.00    0  0.00  42  8 51  2.79 2.47 2.61
   17.78 3262 56.66     0.00    0  0.00  46  9 45  2.79 2.47 2.61
   30.28 1274 37.68     0.00    0  0.00  44 10 46  2.79 2.47 2.61
   19.45 2335 44.36     0.00    0  0.00  39  7 54  2.79 2.47 2.61
   26.83 1793 46.97     0.00    0  0.00  42 17 41  2.79 2.47 2.61
   18.21 2021 35.93     0.00    0  0.00  47  6 47  3.12 2.55 2.64
              disk0               disk4       cpu    load average
    KB/t  tps  MB/s     KB/t  tps  MB/s  us sy id   1m   5m   15m
   27.44 1411 37.80     0.00    0  0.00  48  4 48  3.12 2.55 2.64
   24.84 1258 30.50     0.00    0  0.00  58 16 26  3.12 2.55 2.64
   20.96 1900 38.90     0.00    0  0.00  52 11 37  3.12 2.55 2.64
   27.57 1210 32.59     0.00    0  0.00  54 11 35  3.12 2.55 2.64
   29.14 1309 37.24     0.00    0  0.00  48 11 41  3.19 2.57 2.65
   17.66 1854 31.97     0.00    0  0.00  44 12 44  3.19 2.57 2.65
   24.15 2470 58.27     0.00    0  0.00  43  8 49  3.19 2.57 2.65
   32.85 1524 48.90     0.00    0  0.00  40  8 52  3.19 2.57 2.65
   25.12 2070 50.78     0.00    0  0.00  42  7 51  3.19 2.57 2.65
   27.57 1497 40.32     0.00    0  0.00  40  7 53  3.34 2.61 2.66
   34.99 1376 47.00     0.00    0  0.00  39  7 54  3.34 2.61 2.66
   21.91 2264 48.43     0.00    0  0.00  49  8 43  3.34 2.61 2.66
   16.03 2939 46.00     0.00    0  0.00  42  9 49  3.34 2.61 2.66
   28.81 1742 49.02     0.00    0  0.00  43  8 49  3.34 2.61 2.66
   29.01 1407 39.87     0.00    0  0.00  45  7 48  3.63 2.68 2.69
   20.44 2166 43.23     0.00    0  0.00  42  7 51  3.63 2.68 2.69
   15.94 2693 41.92     0.00    0  0.00  45 21 34  3.63 2.68 2.69
   29.64 1022 29.57     0.00    0  0.00  56  8 37  3.63 2.68 2.69
   19.67 1679 32.25     0.00    0  0.00  48  4 48  3.63 2.68 2.69
   39.25  973 37.30     0.00    0  0.00  47  3 50  3.66 2.71 2.69
              disk0               disk4       cpu    load average
    KB/t  tps  MB/s     KB/t  tps  MB/s  us sy id   1m   5m   15m
   24.58 1319 31.67     0.00    0  0.00  48 12 40  3.66 2.71 2.69
   18.49 1727 31.18     0.00    0  0.00  47  4 49  3.66 2.71 2.69
   26.57 1329 34.49     0.00    0  0.00  44 11 45  3.66 2.71 2.69
   25.45 1784 44.34     0.00    0  0.00  49 10 41  3.66 2.71 2.69
   25.83 1307 32.97     0.00    0  0.00  45  9 46  3.85 2.76 2.71
   23.64 1969 45.47     0.00    0  0.00  46 12 42  3.85 2.76 2.71
   13.69 1942 25.95     0.00    0  0.00  42 10 49  3.85 2.76 2.71
   22.23 2527 54.87     0.00    0  0.00  40  8 53  3.85 2.76 2.71
   27.38 1469 39.28     0.00    0  0.00  42 10 48  3.85 2.76 2.71
   30.19 1319 38.90     0.00    0  0.00  46 11 43  4.02 2.81 2.73
   22.47 1897 41.62     0.00    0  0.00  45 14 41  4.02 2.81 2.73
   27.21 1983 52.68     0.00    0  0.00  46 14 41  4.02 2.81 2.73
   32.48 1542 48.90     0.00    0  0.00  52  9 40  4.02 2.81 2.73
   21.58 2029 42.76     0.00    0  0.00  43  8 49  4.02 2.81 2.73
   15.28 3112 46.44     0.00    0  0.00  43  7 50  3.94 2.82 2.73
   24.78 3275 79.24     0.00    0  0.00  41  8 51  3.94 2.82 2.73
   18.48 1833 33.08     0.00    0  0.00  44  8 48  3.94 2.82 2.73
   13.68 3068 41.00     0.00    0  0.00  42 13 45  3.94 2.82 2.73
   17.58 2787 47.86     0.00    0  0.00  43  8 49  3.94 2.82 2.73
   32.75 1210 38.71     0.00    0  0.00  40  7 53  3.86 2.82 2.73
              disk0               disk4       cpu    load average
    KB/t  tps  MB/s     KB/t  tps  MB/s  us sy id   1m   5m   15m
   25.99 2044 51.89     0.00    0  0.00  39  7 54  3.86 2.82 2.73
   38.25 1239 46.26     0.00    0  0.00  39  6 54  3.86 2.82 2.73
   23.82 2090 48.64     0.00    0  0.00  43 16 41  3.86 2.82 2.73
   10.30 2697 27.13     0.00    0  0.00  50 16 34  3.86 2.82 2.73
   36.49 1336 47.60     0.00    0  0.00  42  7 50  3.95 2.86 2.75
   29.85 1417 41.29     0.00    0  0.00  43  8 49  3.95 2.86 2.75
   25.01 2146 52.42     0.00    0  0.00  42 11 47  3.95 2.86 2.75
   18.30 1531 27.36     0.00    0  0.00  49 18 33  3.95 2.86 2.75
   17.95 1936 33.93     0.00    0  0.00  48  4 48  3.95 2.86 2.75
   39.28 1101 42.24     0.00    0  0.00  48  5 47  3.96 2.87 2.76
   14.23 2312 32.13     0.00    0  0.00  47 10 42  3.96 2.87 2.76
   39.60  996 38.51     0.00    0  0.00  48  4 48  3.96 2.87 2.76
   27.04 1136 30.00     0.00    0  0.00  49  9 42  3.96 2.87 2.76
   20.36 1959 38.96     0.00    0  0.00  50  8 41  3.96 2.87 2.76
   27.08 1374 36.33     0.00    0  0.00  45 13 43  4.12 2.93 2.77
   14.30 1998 27.91     0.00    0  0.00  41 10 49  4.12 2.93 2.77
   22.84 2413 53.80     0.00    0  0.00  42  8 50  4.12 2.93 2.77
   36.53 1333 47.55     0.00    0  0.00  41  8 51  4.12 2.93 2.77
   27.77 1676 45.46     0.00    0  0.00  41  8 52  4.12 2.93 2.77
   17.30 3092 52.23     0.00    0  0.00  42  7 52  3.95 2.91 2.77
              disk0               disk4       cpu    load average
    KB/t  tps  MB/s     KB/t  tps  MB/s  us sy id   1m   5m   15m
   20.25 2235 44.18     0.00    0  0.00  42  8 50  3.95 2.91 2.77
   28.92 1620 45.75     0.00    0  0.00  47  8 45  3.95 2.91 2.77
   19.30 2497 47.05     0.00    0  0.00  44  8 48  3.95 2.91 2.77
   26.42 1626 41.93     0.00    0  0.00  42  7 51  3.95 2.91 2.77
   12.91 4518 56.95     0.00    0  0.00  40  9 52  4.03 2.95 2.78
   24.86 2212 53.70     0.00    0  0.00  46  8 46  4.03 2.95 2.78
   45.95  697 31.27     0.00    0  0.00  40  8 53  4.03 2.95 2.78
   41.33 1066 43.04     0.00    0  0.00  31  4 65  4.03 2.95 2.78
   25.17 1617 39.75     0.00    0  0.00  33  4 63  4.03 2.95 2.78
   36.51 1330 47.44     0.00    0  0.00  37  6 58  3.95 2.95 2.78
   12.66 4648 57.46     0.00    0  0.00  41 12 47  3.95 2.95 2.78
   15.41 2045 30.78     0.00    0  0.00  62 21 17  3.95 2.95 2.78
   24.06 2533 59.51     0.00    0  0.00  76 14 10  3.95 2.95 2.78
   25.94 1568 39.73     0.00    0  0.00  80  9 11  3.95 2.95 2.78
   38.67 1320 49.86     0.00    0  0.00  67  8 26  10.92 4.41 3.30
   25.31 2620 64.74     0.00    0  0.00  59 10 31  10.92 4.41 3.30
   29.90 1445 42.17     0.00    0  0.00  62  8 30  10.92 4.41 3.30
   26.77 2064 53.96     0.00    0  0.00  59  9 32  10.92 4.41 3.30
   21.25 2269 47.09     0.00    0  0.00  67  9 25  10.92 4.41 3.30
   20.38 2687 53.47     0.00    0  0.00  55 18 27  11.17 4.57 3.36
              disk0               disk4       cpu    load average
    KB/t  tps  MB/s     KB/t  tps  MB/s  us sy id   1m   5m   15m
   10.14 3711 36.76     0.00    0  0.00  61 18 21  11.17 4.57 3.36
   18.69 1878 34.28     0.00    0  0.00  69  9 23  11.17 4.57 3.36
   31.57 1175 36.23     0.00    0  0.00  81  6 13  11.17 4.57 3.36
   24.67 1684 40.57     0.00    0  0.00  71  7 22  11.17 4.57 3.36
   24.24 2153 50.96     0.00    0  0.00  68  8 23  15.48 5.57 3.72
   25.27 2236 55.19     0.00    0  0.00  63  9 28  15.48 5.57 3.72
   13.30 2730 35.46     0.00    0  0.00  58 24 17  15.48 5.57 3.72
   16.94 2808 46.45     0.00    0  0.00  70  7 23  15.48 5.57 3.72
   43.73 1067 45.58     0.00    0  0.00  70  7 23  15.48 5.57 3.72
   21.22 2984 61.83     0.00    0  0.00  66 12 22  16.32 5.91 3.85
   13.55 3268 43.25     0.00    0  0.00  54 20 26  16.32 5.91 3.85
   26.84 1427 37.41     0.00    0  0.00  60 10 30  16.32 5.91 3.85
   18.92 2572 47.53     0.00    0  0.00  53 13 34  16.32 5.91 3.85
   18.09 1993 35.22     0.00    0  0.00  57 14 29  16.32 5.91 3.85
   14.23 2998 41.65     0.00    0  0.00  59 15 26  15.49 5.91 3.87
   19.57 3331 63.66     0.00    0  0.00  54 14 32  15.49 5.91 3.87
   30.96 1284 38.81     0.00    0  0.00  52 12 35  15.49 5.91 3.87
