---------NEW-TRIAL----------
              disk0               disk4       cpu    load average
    KB/t  tps  MB/s     KB/t  tps  MB/s  us sy id   1m   5m   15m
   16.81  345  5.65     8.60    0  0.00  15  5 79  2.25 3.01 2.86
    5.43 1056  5.60     0.00    0  0.00  15  4 82  2.25 3.01 2.86
   32.00    5  0.16     0.00    0  0.00  18  4 78  2.25 3.01 2.86
    8.58  103  0.86     0.00    0  0.00  17  3 80  2.25 3.01 2.86
   60.11  340 19.97     0.00    0  0.00  22 12 66  2.39 3.02 2.87
  218.05  243 51.70     0.00    0  0.00  19 12 70  2.39 3.02 2.87
  117.71  285 32.77     0.00    0  0.00  19 11 70  2.39 3.02 2.87
   94.94  269 24.92     0.00    0  0.00  19 12 69  2.39 3.02 2.87
   47.47 1193 55.28     0.00    0  0.00  20  6 73  2.39 3.02 2.87
  195.06  171 32.56     0.00    0  0.00  14  2 84  2.28 2.99 2.85
  295.23   93 26.68     0.00    0  0.00  13  1 86  2.28 2.99 2.85
  340.76  131 43.46     0.00    0  0.00  14  1 85  2.28 2.99 2.85
  272.42  143 38.13     0.00    0  0.00  14  1 85  2.28 2.99 2.85
  327.71  150 47.89     0.00    0  0.00  13  1 85  2.28 2.99 2.85
  337.81   97 31.89     0.00    0  0.00  15  3 83  2.34 2.99 2.85
  257.22   92 23.01     0.00    0  0.00  15  3 82  2.34 2.99 2.85
  204.58  300 59.89     0.00    0  0.00  15  2 83  2.34 2.99 2.85
  185.37  177 32.06     0.00    0  0.00  13  1 86  2.34 2.99 2.85
  201.03  162 31.86     0.00    0  0.00  13  1 86  2.34 2.99 2.85
  214.64  228 47.85     0.00    0  0.00  14  1 85  2.23 2.95 2.84
              disk0               disk4       cpu    load average
    KB/t  tps  MB/s     KB/t  tps  MB/s  us sy id   1m   5m   15m
  211.41  155 31.95     0.00    0  0.00  13  1 86  2.23 2.95 2.84
  214.17  153 31.97     0.00    0  0.00  13  1 86  2.23 2.95 2.84
  299.22  134 39.08     0.00    0  0.00  13  1 86  2.23 2.95 2.84
  280.59   95 26.00     0.00    0  0.00  13  1 86  2.23 2.95 2.84
  301.25  215 63.18     0.00    0  0.00  14  1 85  2.37 2.97 2.85
  337.81   97 31.94     0.00    0  0.00  14  1 85  2.37 2.97 2.85
   63.89  564 35.22     0.00    0  0.00  18  2 81  2.37 2.97 2.85
  221.49  148 31.93     0.00    0  0.00  14  1 85  2.37 2.97 2.85
  240.62  128 29.97     0.00    0  0.00  13  1 86  2.37 2.97 2.85
  196.63  265 50.88     0.00    0  0.00  14  1 84  2.26 2.94 2.84
  103.85  285 28.89     0.00    0  0.00  13  1 85  2.26 2.94 2.84
  312.38  127 38.60     0.00    0  0.00  13  1 86  2.26 2.94 2.84
  213.27  176 36.70     0.00    0  0.00  13  1 86  2.26 2.94 2.84
  282.51  144 39.82     0.00    0  0.00  13  1 86  2.26 2.94 2.84
  256.02  191 47.84     0.00    0  0.00  13  1 86  2.16 2.91 2.83
  240.18  137 32.07     0.00    0  0.00  13  1 86  2.16 2.91 2.83
  224.67  136 29.95     0.00    0  0.00  14  1 85  2.16 2.91 2.83
  144.22  408 57.40     0.00    0  0.00  13  2 85  2.16 2.91 2.83
  171.56  191 31.99     0.00    0  0.00  13  1 85  2.16 2.91 2.83
  129.54  256 32.38     0.00    0  0.00  14  1 85  2.07 2.87 2.82
              disk0               disk4       cpu    load average
    KB/t  tps  MB/s     KB/t  tps  MB/s  us sy id   1m   5m   15m
  186.27  175 31.85     0.00    0  0.00  13  1 86  2.07 2.87 2.82
  194.55  181 34.43     0.00    0  0.00  13  1 85  2.07 2.87 2.82
  308.49  171 51.61     0.00    0  0.00  14  1 85  2.07 2.87 2.82
  264.94  106 27.38     0.00    0  0.00  13  1 86  2.07 2.87 2.82
  177.99  272 47.23     0.00    0  0.00  14  1 85  1.98 2.84 2.81
  177.43  185 31.99     0.00    0  0.00  14  1 85  1.98 2.84 2.81
  179.61  274 47.99     0.00    0  0.00  14  1 85  1.98 2.84 2.81
  188.32  174 31.94     0.00    0  0.00  13  1 86  1.98 2.84 2.81
  175.55  187 32.00     0.00    0  0.00  14  1 85  1.98 2.84 2.81
  191.65  170 31.88     0.00    0  0.00  13  1 85  1.90 2.81 2.80
  198.36  224 43.32     0.00    0  0.00  13  1 86  1.90 2.81 2.80
  205.92  229 45.98     0.00    0  0.00  14  1 85  1.90 2.81 2.80
  206.14  159 31.95     0.00    0  0.00  13  1 86  1.90 2.81 2.80
  188.81  261 48.05     0.00    0  0.00  13  1 86  1.90 2.81 2.80
  208.74  157 31.95     0.00    0  0.00  13  1 85  2.07 2.83 2.80
  179.26  183 32.07     0.00    0  0.00  14  1 85  2.07 2.83 2.80
  200.74  152 29.72     0.00    0  0.00  13  1 86  2.07 2.83 2.80
  242.59   17  4.01     0.00    0  0.00  13  1 85  2.07 2.83 2.80
  455.11    9  3.98     0.00    0  0.00  13  1 86  2.07 2.83 2.80
