---------NEW-TRIAL----------
              disk0               disk4       cpu    load average
    KB/t  tps  MB/s     KB/t  tps  MB/s  us sy id   1m   5m   15m
   16.91  346  5.71     8.60    0  0.00  15  5 79  2.00 2.66 3.06
   25.44  249  6.19     0.00    0  0.00  20  5 74  2.00 2.66 3.06
   17.60   20  0.34     0.00    0  0.00  20  5 75  2.24 2.70 3.07
   13.10 1725 22.07     0.00    0  0.00  38 12 50  2.24 2.70 3.07
   16.17 3504 55.34     0.00    0  0.00  59 18 23  2.24 2.70 3.07
   17.47 3332 56.86     0.00    0  0.00  58 18 24  2.24 2.70 3.07
   16.49 3588 57.80     0.00    0  0.00  57 17 26  2.24 2.70 3.07
   13.80 2486 33.50     0.00    0  0.00  56 20 24  4.70 3.20 3.24
   17.83 3102 54.00     0.00    0  0.00  64 19 18  4.70 3.20 3.24
   15.02 3699 54.26     0.00    0  0.00  58 15 28  4.70 3.20 3.24
   15.38 2579 38.73     0.00    0  0.00  59 14 27  4.70 3.20 3.24
   17.12 4048 67.69     0.00    0  0.00  61 23 16  4.70 3.20 3.24
   22.06 3472 74.81     0.00    0  0.00  64 13 23  5.13 3.32 3.28
   18.01 3289 57.82     0.00    0  0.00  64 15 21  5.13 3.32 3.28
   13.33 3404 44.32     0.00    0  0.00  60 14 26  5.13 3.32 3.28
   21.98 2749 59.00     0.00    0  0.00  57 10 32  5.13 3.32 3.28
   25.08 3704 90.71     0.00    0  0.00  57 10 33  5.13 3.32 3.28
   10.56 6648 68.55     0.00    0  0.00  58 10 32  7.36 3.81 3.46
   19.92 3326 64.70     0.00    0  0.00  57  9 34  7.36 3.81 3.46
   17.89 4044 70.67     0.00    0  0.00  62 24 14  7.36 3.81 3.46
              disk0               disk4       cpu    load average
    KB/t  tps  MB/s     KB/t  tps  MB/s  us sy id   1m   5m   15m
   15.87 4436 68.76     0.00    0  0.00  68  9 23  7.36 3.81 3.46
   23.88 2980 69.49     0.00    0  0.00  64 16 20  7.36 3.81 3.46
   21.09 3108 64.02     0.00    0  0.00  65 13 23  7.97 3.99 3.53
   17.67 3439 59.34     0.00    0  0.00  64 14 23  7.97 3.99 3.53
   23.32 3309 75.36     0.00    0  0.00  58  9 33  7.97 3.99 3.53
   18.35 3228 57.85     0.00    0  0.00  53 13 35  7.97 3.99 3.53
   14.25 4125 57.41     0.00    0  0.00  56 13 31  7.97 3.99 3.53
   16.44 3410 54.76     0.00    0  0.00  55  9 36  7.73 4.01 3.53
   15.38 7011 105.32     0.00    0  0.00  49  9 42  7.73 4.01 3.53
   17.65 3672 63.29     0.00    0  0.00  58  9 33  7.73 4.01 3.53
   26.94 3801 100.02     0.00    0  0.00  57  9 34  7.73 4.01 3.53
   28.09 3816 104.67     0.00    0  0.00  55 10 35  7.73 4.01 3.53
   14.67 4759 68.20     0.00    0  0.00  58 11 31  7.67 4.06 3.55
   18.01 2693 47.38     0.00    0  0.00  58 12 29  7.67 4.06 3.55
   15.13 4356 64.37     0.00    0  0.00  56 11 33  7.67 4.06 3.55
   18.02 3518 61.91     0.00    0  0.00  58 11 31  7.67 4.06 3.55
   26.46 5054 130.57     0.00    0  0.00  52 30 18  7.67 4.06 3.55
   14.41 3743 52.66     0.00    0  0.00  71 18 12  7.86 4.16 3.59
   21.52 2173 45.67     0.00    0  0.00  67  9 25  7.86 4.16 3.59
   11.20 6082 66.54     0.00    0  0.00  65  8 27  7.86 4.16 3.59
              disk0               disk4       cpu    load average
    KB/t  tps  MB/s     KB/t  tps  MB/s  us sy id   1m   5m   15m
   23.03 4002 89.99     0.00    0  0.00  61 21 18  7.86 4.16 3.59
   12.76 3310 41.23     0.00    0  0.00  64  8 29  7.86 4.16 3.59
   17.03 3059 50.90     0.00    0  0.00  65  8 27  7.79 4.21 3.61
   12.73 4964 61.71     0.00    0  0.00  55 23 22  7.79 4.21 3.61
   18.74 2448 44.80     0.00    0  0.00  64 15 21  7.79 4.21 3.61
   12.57 4881 59.93     0.00    0  0.00  60 20 20  7.79 4.21 3.61
   17.57 3765 64.61     0.00    0  0.00  65  8 27  7.79 4.21 3.61
   15.59 4084 62.20     0.00    0  0.00  63 14 24  8.05 4.32 3.65
   18.21 3541 62.96     0.00    0  0.00  57 20 23  8.05 4.32 3.65
   18.49 2133 38.51     0.00    0  0.00  60 18 22  8.05 4.32 3.65
   17.97 3564 62.55     0.00    0  0.00  56 21 23  8.05 4.32 3.65
   18.08 3372 59.55     0.00    0  0.00  53 17 31  8.05 4.32 3.65
   13.06 4504 57.44     0.00    0  0.00  51 17 32  8.04 4.38 3.68
   16.91 3727 61.54     0.00    0  0.00  52 16 32  8.04 4.38 3.68
   26.10 2969 75.68     0.00    0  0.00  53 20 27  8.04 4.38 3.68
   13.71 5033 67.39     0.00    0  0.00  58 15 27  8.04 4.38 3.68
   17.03 4786 79.60     0.00    0  0.00  53 15 32  8.04 4.38 3.68
   20.89 2367 48.29     0.00    0  0.00  60 14 26  8.20 4.47 3.72
   16.87 3995 65.83     0.00    0  0.00  60 10 30  8.20 4.47 3.72
   21.99 2893 62.11     0.00    0  0.00  57 13 30  8.20 4.47 3.72
              disk0               disk4       cpu    load average
    KB/t  tps  MB/s     KB/t  tps  MB/s  us sy id   1m   5m   15m
   60.03 3392 198.87     0.00    0  0.00  61 17 22  8.20 4.47 3.72
   20.76 4187 84.89     0.00    0  0.00  57 18 25  8.20 4.47 3.72
   23.48 3621 83.03     0.00    0  0.00  57 19 24  8.90 4.68 3.79
   22.75 4393 97.59     0.00    0  0.00  56 11 33  8.90 4.68 3.79
   14.78 4390 63.38     0.00    0  0.00  60 11 29  8.90 4.68 3.79
   12.97 3555 45.02     0.00    0  0.00  60 10 30  8.90 4.68 3.79
   10.64 8370 86.95     0.00    0  0.00  57 12 32  8.90 4.68 3.79
   11.25 5818 63.90     0.00    0  0.00  60 12 28  8.59 4.68 3.80
   18.32 3845 68.79     0.00    0  0.00  59 10 31  8.59 4.68 3.80
   17.73 2856 49.46     0.00    0  0.00  62 13 25  8.59 4.68 3.80
   16.26 3918 62.20     0.00    0  0.00  58 14 28  8.59 4.68 3.80
   14.04 4569 62.66     0.00    0  0.00  57 13 30  8.59 4.68 3.80
   12.96 3929 49.71     0.00    0  0.00  58 12 30  9.58 4.96 3.90
   15.70 4112 63.06     0.00    0  0.00  59 14 27  9.58 4.96 3.90
   15.14 4470 66.09     0.00    0  0.00  55 19 26  9.58 4.96 3.90
   14.83 4828 69.91     0.00    0  0.00  55 33 12  9.58 4.96 3.90
   13.63 3649 48.56     0.00    0  0.00  56 35  9  9.58 4.96 3.90
   15.26 3536 52.68     0.00    0  0.00  63 20 17  9.70 5.06 3.94
   17.44 2614 44.51     0.00    0  0.00  73 14 13  9.70 5.06 3.94
   18.21 3549 63.09     0.00    0  0.00  66  7 27  9.70 5.06 3.94
              disk0               disk4       cpu    load average
    KB/t  tps  MB/s     KB/t  tps  MB/s  us sy id   1m   5m   15m
   17.51 2977 50.91     0.00    0  0.00  62 10 28  9.70 5.06 3.94
   16.98 4291 71.14     0.00    0  0.00  55 11 35  9.70 5.06 3.94
   12.44 6220 75.58     0.00    0  0.00  53 17 30  9.32 5.05 3.95
   13.11 3079 39.42     0.00    0  0.00  58 37  4  9.32 5.05 3.95
   11.06 5099 55.10     0.00    0  0.00  61 13 26  9.32 5.05 3.95
   14.81 3442 49.79     0.00    0  0.00  54 10 36  9.32 5.05 3.95
   26.92 4822 126.77     0.00    0  0.00  57 13 30  9.32 5.05 3.95
   27.16 9129 242.11     0.00    0  0.00  44 17 39  9.06 5.07 3.96
   15.61 9413 143.51     0.00    0  0.00  46 22 31  9.06 5.07 3.96
   25.47 4041 100.53     0.00    0  0.00  57 34  9  9.06 5.07 3.96
   28.18 5506 151.52     0.00    0  0.00  59 14 27  9.06 5.07 3.96
   50.28 1739 85.36     0.00    0  0.00  50 10 39  9.06 5.07 3.96
   25.59 3710 92.72     0.00    0  0.00  51 11 38  8.49 5.02 3.95
   21.63 3695 78.06     0.00    0  0.00  55 20 25  8.49 5.02 3.95
    9.76 5634 53.72     0.00    0  0.00  66 22 12  8.49 5.02 3.95
   13.95 5226 71.19     0.00    0  0.00  65  9 26  8.49 5.02 3.95
   15.65 2490 38.07     0.00    0  0.00  69  8 23  8.49 5.02 3.95
   15.51 3620 54.81     0.00    0  0.00  59 24 16  8.37 5.05 3.97
   18.25 5191 92.49     0.00    0  0.00  60 14 26  8.37 5.05 3.97
   19.58 4300 82.23     0.00    0  0.00  55 20 25  8.37 5.05 3.97
              disk0               disk4       cpu    load average
    KB/t  tps  MB/s     KB/t  tps  MB/s  us sy id   1m   5m   15m
   16.59 3206 51.93     0.00    0  0.00  64 20 15  8.37 5.05 3.97
   16.09 4452 69.95     0.00    0  0.00  63 20 17  8.37 5.05 3.97
   17.42 4652 79.15     0.00    0  0.00  62 18 20  8.50 5.13 4.00
   25.19 3866 95.09     0.00    0  0.00  63 16 21  8.50 5.13 4.00
   20.62 3404 68.55     0.00    0  0.00  66 13 21  8.50 5.13 4.00
   15.31 3790 56.65     0.00    0  0.00  61 16 23  8.50 5.13 4.00
   15.11 4154 61.30     0.00    0  0.00  53 18 29  8.50 5.13 4.00
   12.00 5205 61.00     0.00    0  0.00  53 13 34  8.78 5.25 4.05
   20.37 4780 95.06     0.00    0  0.00  55 14 31  8.78 5.25 4.05
   21.20 4061 84.07     0.00    0  0.00  53 15 33  8.78 5.25 4.05
   19.73 4425 85.24     0.00    0  0.00  55 14 31  8.78 5.25 4.05
   14.92 5599 81.60     0.00    0  0.00  60  8 32  8.78 5.25 4.05
   22.80 4690 104.46     0.00    0  0.00  56 10 33  8.48 5.24 4.05
   16.41 5873 94.10     0.00    0  0.00  55 11 34  8.48 5.24 4.05
   19.15 4488 83.95     0.00    0  0.00  54 12 34  8.48 5.24 4.05
   40.58 3414 135.26     0.00    0  0.00  54 13 33  8.48 5.24 4.05
   44.14 7275 313.61     0.00    0  0.00  51 15 34  8.48 5.24 4.05
   20.70 5506 111.33     0.00    0  0.00  54 14 32  9.64 5.54 4.16
   18.37 5342 95.83     0.00    0  0.00  55 16 29  9.64 5.54 4.16
   12.41 3067 37.16     0.00    0  0.00  60 12 28  9.64 5.54 4.16
              disk0               disk4       cpu    load average
    KB/t  tps  MB/s     KB/t  tps  MB/s  us sy id   1m   5m   15m
   33.74 6068 199.94     0.00    0  0.00  56 12 32  9.64 5.54 4.16
   18.75 3752 68.69     0.00    0  0.00  58 12 31  10.31 5.74 4.24
   14.43 3908 55.07     0.00    0  0.00  60 12 28  10.31 5.74 4.24
   12.77 4386 54.69     0.00    0  0.00  57 12 31  10.31 5.74 4.24
   12.61 4460 54.93     0.00    0  0.00  57 12 31  10.31 5.74 4.24
   13.30 4717 61.29     0.00    0  0.00  59 11 30  10.31 5.74 4.24
   23.80 4186 97.30     0.00    0  0.00  61 12 27  11.09 5.98 4.34
   28.83 4347 122.38     0.00    0  0.00  58 10 31  11.09 5.98 4.34
   16.43 5605 89.96     0.00    0  0.00  60 10 29  11.09 5.98 4.34
   21.35 4623 96.37     0.00    0  0.00  58 10 32  11.09 5.98 4.34
   13.67 5560 74.23     0.00    0  0.00  58 10 32  11.09 5.98 4.34
   14.92 3836 55.89     0.00    0  0.00  59 10 31  10.68 5.98 4.35
   14.58 5123 72.96     0.00    0  0.00  58 10 32  10.68 5.98 4.35
   17.67 3930 67.82     0.00    0  0.00  59  8 32  10.68 5.98 4.35
   16.57 3495 56.56     0.00    0  0.00  59  9 32  10.68 5.98 4.35
   11.98 8595 100.54     0.00    0  0.00  54 11 35  10.68 5.98 4.35
   13.06 7680 97.96     0.00    0  0.00  58 13 29  10.46 6.01 4.37
   10.02 7015 68.61     0.00    0  0.00  56 13 31  10.46 6.01 4.37
   13.87 4947 67.01     0.00    0  0.00  59  9 33  10.46 6.01 4.37
   18.79 5952 109.20     0.00    0  0.00  50 18 32  10.46 6.01 4.37
              disk0               disk4       cpu    load average
    KB/t  tps  MB/s     KB/t  tps  MB/s  us sy id   1m   5m   15m
   12.17 7219 85.81     0.00    0  0.00  49 15 36  10.46 6.01 4.37
   14.27 5053 70.44     0.00    0  0.00  59 11 29  11.23 6.25 4.46
   14.54 2921 41.48     0.00    0  0.00  62 12 26  11.23 6.25 4.46
   14.69 4674 67.04     0.00    0  0.00  57 12 31  11.23 6.25 4.46
   13.95 3580 48.78     0.00    0  0.00  60 14 27  11.23 6.25 4.46
   13.32 4262 55.43     0.00    0  0.00  59 14 28  11.23 6.25 4.46
   15.78 4080 62.87     0.00    0  0.00  59 12 29  11.13 6.31 4.49
   14.07 3715 51.04     0.00    0  0.00  61 12 28  11.13 6.31 4.49
   10.24 7350 73.51     0.00    0  0.00  56 14 30  11.13 6.31 4.49
   12.51 4483 54.76     0.00    0  0.00  57 13 30  11.13 6.31 4.49
   19.62 4881 93.52     0.00    0  0.00  59 12 29  11.13 6.31 4.49
   12.87 4609 57.92     0.00    0  0.00  59 12 29  11.84 6.53 4.58
   13.62 4933 65.62     0.00    0  0.00  56 12 32  11.84 6.53 4.58
   14.12 4913 67.75     0.00    0  0.00  59 20 21  11.84 6.53 4.58
    8.17 8658 69.07     0.00    0  0.00  56 30 14  11.84 6.53 4.58
    8.43 7843 64.58     0.00    0  0.00  59 30 11  11.84 6.53 4.58
    7.79 8734 66.44     0.00    0  0.00  53 32 15  12.09 6.67 4.64
    8.75 6895 58.89     0.00    0  0.00  55 33 12  12.09 6.67 4.64
   10.27 5763 57.82     0.00    0  0.00  55 32 12  12.09 6.67 4.64
   11.36 5124 56.82     0.00    0  0.00  62 31  7  12.09 6.67 4.64
              disk0               disk4       cpu    load average
    KB/t  tps  MB/s     KB/t  tps  MB/s  us sy id   1m   5m   15m
   12.21 4514 53.82     0.00    0  0.00  70 24  6  12.09 6.67 4.64
   14.78 3895 56.23     0.00    0  0.00  70 17 12  11.68 6.68 4.66
   22.87 3391 75.73     0.00    0  0.00  70 10 21  11.68 6.68 4.66
   16.04 4561 71.46     0.00    0  0.00  70  9 21  11.68 6.68 4.66
   15.27 5202 77.59     0.00    0  0.00  66  9 24  11.68 6.68 4.66
   20.42 4447 88.69     0.00    0  0.00  59 14 27  11.68 6.68 4.66
   20.33 3572 70.92     0.00    0  0.00  50  9 41  10.99 6.62 4.65
   39.68 3430 132.91     0.00    0  0.00  27  8 65  10.99 6.62 4.65
   17.90 3862 67.51     0.00    0  0.00  17 19 64  10.99 6.62 4.65
   65.33 1889 120.51     0.00    0  0.00  42 18 40  10.99 6.62 4.65
   22.01 5000 107.50     0.00    0  0.00  38 34 28  10.99 6.62 4.65
   11.49 1090 12.24     0.00    0  0.00  36 26 39  10.43 6.57 4.64
   44.83 2710 118.64     0.00    0  0.00  42  5 53  10.43 6.57 4.64
