---------NEW-TRIAL----------
              disk0               disk4       cpu    load average
    KB/t  tps  MB/s     KB/t  tps  MB/s  us sy id   1m   5m   15m
   16.75  344  5.63     8.60    0  0.00  15  5 79  2.24 3.19 2.85
    6.00   10  0.06     0.00    0  0.00  16  4 81  2.24 3.19 2.85
   74.00    2  0.14     0.00    0  0.00  19  4 78  2.24 3.19 2.85
  168.16  248 40.66     0.00    0  0.00  18  3 80  2.24 3.19 2.85
   64.51  626 39.44     0.00    0  0.00  30 13 57  2.46 3.22 2.86
  207.30  158 32.07     0.00    0  0.00  27 15 59  2.46 3.22 2.86
  180.87  183 32.24     0.00    0  0.00  22 12 66  2.46 3.22 2.86
   92.36  373 33.68     0.00    0  0.00  22 12 66  2.46 3.22 2.86
  126.06  404 49.74     0.00    0  0.00  23 12 65  2.46 3.22 2.86
   33.84 1244 41.09     0.00    0  0.00  24  4 72  2.50 3.22 2.86
  220.83  222 47.89     0.00    0  0.00  17  3 81  2.50 3.22 2.86
  241.51  137 32.38     0.00    0  0.00  19  4 77  2.50 3.22 2.86
  240.97  136 31.91     0.00    0  0.00  16  3 81  2.50 3.22 2.86
  235.74  138 31.87     0.00    0  0.00  16  3 80  2.50 3.22 2.86
  193.53  256 48.42     0.00    0  0.00  15  3 82  2.38 3.18 2.85
  198.54  167 32.36     0.00    0  0.00  17  3 80  2.38 3.18 2.85
  206.19  238 47.90     0.00    0  0.00  16  3 82  2.38 3.18 2.85
  219.92  149 31.94     0.00    0  0.00  15  3 82  2.38 3.18 2.85
  126.55  264 32.59     0.00    0  0.00  16  3 81  2.38 3.18 2.85
  221.41  147 31.83     0.00    0  0.00  16  3 82  2.43 3.18 2.85
              disk0               disk4       cpu    load average
    KB/t  tps  MB/s     KB/t  tps  MB/s  us sy id   1m   5m   15m
  203.28  155 30.81     0.00    0  0.00  15  3 82  2.43 3.18 2.85
  190.43  320 59.43     0.00    0  0.00  16  3 82  2.43 3.18 2.85
  189.61  173 32.12     0.00    0  0.00  16  4 81  2.43 3.18 2.85
  185.53  177 32.12     0.00    0  0.00  16  3 82  2.43 3.18 2.85
  187.15  263 48.06     0.00    0  0.00  15  3 81  2.31 3.14 2.84
  134.61  247 32.46     0.00    0  0.00  16  4 80  2.31 3.14 2.84
  123.73  270 32.64     0.00    0  0.00  15  2 82  2.31 3.14 2.84
   74.02  619 44.73     0.00    0  0.00  16  2 81  2.31 3.14 2.84
  341.33  144 47.94     0.00    0  0.00  14  1 85  2.31 3.14 2.84
  212.28  157 32.46     0.00    0  0.00  23  2 75  2.21 3.10 2.83
  300.62  108 31.85     0.00    0  0.00  20  5 76  2.21 3.10 2.83
  257.24  192 48.31     0.00    0  0.00  20  5 75  2.21 3.10 2.83
  111.87  304 33.26     0.00    0  0.00  24  5 71  2.21 3.10 2.83
  136.29  231 30.81     0.00    0  0.00  27  5 68  2.21 3.10 2.83
  176.28  253 43.52     0.00    0  0.00  23  5 71  2.19 3.09 2.83
  194.36  253 48.01     0.00    0  0.00  19  4 76  2.19 3.09 2.83
  226.43  144 31.95     0.00    0  0.00  20  3 77  2.19 3.09 2.83
  244.54  134 31.98     0.00    0  0.00  14  2 84  2.19 3.09 2.83
  106.18  330 34.19     0.00    0  0.00  14  2 84  2.19 3.09 2.83
  188.41  236 43.36     0.00    0  0.00  14  1 85  2.10 3.05 2.81
              disk0               disk4       cpu    load average
    KB/t  tps  MB/s     KB/t  tps  MB/s  us sy id   1m   5m   15m
  206.92  214 43.23     0.00    0  0.00  13  1 85  2.10 3.05 2.81
  215.58  152 31.93     0.00    0  0.00  14  1 85  2.10 3.05 2.81
  216.55  226 47.78     0.00    0  0.00  14  1 85  2.10 3.05 2.81
  194.96  168 32.05     0.00    0  0.00  13  1 86  2.10 3.05 2.81
  162.66  202 32.08     0.00    0  0.00  13  1 85  2.01 3.02 2.80
  201.55  163 32.05     0.00    0  0.00  14  2 84  2.01 3.02 2.80
  188.76  205 37.88     0.00    0  0.00  13  1 86  2.01 3.02 2.80
  157.52  314 48.24     0.00    0  0.00  14  1 85  2.01 3.02 2.80
  196.31  166 31.88     0.00    0  0.00  13  1 85  2.01 3.02 2.80
  196.86  158 30.30     0.00    0  0.00  14  1 85  1.93 2.98 2.79
  196.39  309 59.28     0.00    0  0.00  14  1 85  1.93 2.98 2.79
  210.05  156 31.91     0.00    0  0.00  14  1 85  1.93 2.98 2.79
  208.20  159 32.42     0.00    0  0.00  14  1 85  1.93 2.98 2.79
  201.28  162 31.87     0.00    0  0.00  14  1 85  1.93 2.98 2.79
  200.88  244 47.86     0.00    0  0.00  14  1 85  1.85 2.95 2.78
  135.67  245 32.44     0.00    0  0.00  13  1 85  1.85 2.95 2.78
  271.67   48 12.70     0.00    0  0.00  14  1 85  1.85 2.95 2.78
