---------NEW-TRIAL----------
              disk0               disk4       cpu    load average
    KB/t  tps  MB/s     KB/t  tps  MB/s  us sy id   1m   5m   15m
   17.02  352  5.85     8.60    0  0.00  15  5 79  3.22 3.92 3.73
    6.36 1019  6.33     0.00    0  0.00  18  6 76  3.22 3.92 3.73
   13.24  267  3.45     0.00    0  0.00  22  5 73  3.22 3.92 3.73
   21.23  914 18.96     0.00    0  0.00  24  5 70  3.22 3.92 3.73
   20.71  836 16.89     0.00    0  0.00  27  5 68  3.22 3.92 3.73
   22.61  723 15.97     0.00    0  0.00  16  3 80  3.12 3.89 3.72
   19.28  857 16.14     0.00    0  0.00  19  5 76  3.12 3.89 3.72
   24.98  667 16.28     0.00    0  0.00  21  5 74  3.12 3.89 3.72
    0.00    0  0.00     0.00    0  0.00  20  4 77  3.12 3.89 3.72
   25.41  645 15.99     0.00    0  0.00  17  3 80  3.12 3.89 3.72
   19.69  902 17.34     0.00    0  0.00  16  2 81  2.95 3.84 3.70
   23.21  717 16.25     0.00    0  0.00  17  3 80  2.95 3.84 3.70
   30.35   46  1.36     0.00    0  0.00  21  4 75  2.95 3.84 3.70
   29.32  579 16.57     0.00    0  0.00  16  3 81  2.95 3.84 3.70
   15.80 1040 16.04     0.00    0  0.00  15  2 83  2.95 3.84 3.70
   22.86    7  0.16     0.00    0  0.00  15  1 84  2.79 3.80 3.69
   44.13  378 16.28     0.00    0  0.00  19  3 78  2.79 3.80 3.69
   16.07 1049 16.47     0.00    0  0.00  22  5 73  2.79 3.80 3.69
    8.79  136  1.16     0.00    0  0.00  21  4 75  2.79 3.80 3.69
   11.79 1393 16.03     0.00    0  0.00  18  4 77  2.79 3.80 3.69
              disk0               disk4       cpu    load average
    KB/t  tps  MB/s     KB/t  tps  MB/s  us sy id   1m   5m   15m
   18.29    7  0.12     0.00    0  0.00  17  2 81  2.65 3.75 3.67
    4.00    4  0.02     0.00    0  0.00  15  2 83  2.65 3.75 3.67
    8.23 1028  8.27     0.00    0  0.00  21  3 76  2.65 3.75 3.67
    9.74 6887 65.48     0.00    0  0.00  24  5 72  2.65 3.75 3.67
    9.72 7603 72.20     0.00    0  0.00  38  6 57  2.65 3.75 3.67
    8.57 8180 68.48     0.00    0  0.00  22  4 74  2.60 3.72 3.66
   13.49 3858 50.82     0.00    0  0.00  21  4 75  2.60 3.72 3.66
    9.86 4199 40.43     0.00    0  0.00  21  3 76  2.60 3.72 3.66
    8.61 4094 34.43     0.00    0  0.00  30  6 63  2.60 3.72 3.66
   15.22 5009 74.46     0.00    0  0.00  42  5 53  2.60 3.72 3.66
   19.17 4492 84.11     0.00    0  0.00  40  5 55  2.63 3.71 3.66
   16.11 4915 77.33     0.00    0  0.00  35  5 60  2.63 3.71 3.66
   35.54 1609 55.83     0.00    0  0.00  24  4 72  2.63 3.71 3.66
   12.76 6378 79.48     0.00    0  0.00  24  5 71  2.63 3.71 3.66
   13.39 2614 34.18     0.00    0  0.00  15  6 79  2.63 3.71 3.66
   52.00  190  9.64     0.00    0  0.00  31  4 66  2.74 3.71 3.66
   14.56 1923 27.35     0.00    0  0.00  23  2 75  2.74 3.71 3.66
   16.36 1002 16.01     0.00    0  0.00  13  1 85  2.74 3.71 3.66
   14.91 1101 16.03     0.00    0  0.00  13  1 85  2.74 3.71 3.66
    5.69  177  0.98     0.00    0  0.00  13  1 86  2.74 3.71 3.66
              disk0               disk4       cpu    load average
    KB/t  tps  MB/s     KB/t  tps  MB/s  us sy id   1m   5m   15m
   14.75 1116 16.07     0.00    0  0.00  13  1 86  2.92 3.73 3.67
   37.80  432 15.96     0.00    0  0.00  14  1 85  2.92 3.73 3.67
   20.39  808 16.08     0.00    0  0.00  14  1 85  2.92 3.73 3.67
    5.66   82  0.45     0.00    0  0.00  14  1 85  2.92 3.73 3.67
    4.00    1  0.00     0.00    0  0.00  14  1 85  2.92 3.73 3.67
    0.00    0  0.00     0.00    0  0.00  14  1 85  2.77 3.69 3.65
   13.73 2986 40.02     0.00    0  0.00  24  4 72  2.77 3.69 3.65
   10.64 6279 65.21     0.00    0  0.00  22  5 73  2.77 3.69 3.65
    7.15 7121 49.70     0.00    0  0.00  33  5 62  2.77 3.69 3.65
    9.72 8125 77.11     0.00    0  0.00  26  5 70  2.77 3.69 3.65
   23.64 1067 24.62     0.00    0  0.00  17  2 81  2.70 3.66 3.64
    9.97 6921 67.41     0.00    0  0.00  23  4 73  2.70 3.66 3.64
   12.42 3460 41.96     0.00    0  0.00  38  4 58  2.70 3.66 3.64
   16.74 3919 64.06     0.00    0  0.00  23  4 73  2.70 3.66 3.64
   31.27 2610 79.70     0.00    0  0.00  42  5 54  2.70 3.66 3.64
    9.53 6312 58.71     0.00    0  0.00  33  4 63  2.89 3.68 3.65
   20.30 4036 80.00     0.00    0  0.00  22  4 74  2.89 3.68 3.65
   19.26 2859 53.79     0.00    0  0.00  22  5 73  2.89 3.68 3.65
   16.00    2  0.03     0.00    0  0.00  16  2 83  2.89 3.68 3.65
   21.66 2378 50.29     0.00    0  0.00  31  2 67  2.89 3.68 3.65
              disk0               disk4       cpu    load average
    KB/t  tps  MB/s     KB/t  tps  MB/s  us sy id   1m   5m   15m
   24.52  970 23.22     0.00    0  0.00  20  2 78  2.82 3.65 3.64
   29.64  555 16.06     0.00    0  0.00  14  1 85  2.82 3.65 3.64
    0.00    0  0.00     0.00    0  0.00  14  1 85  2.82 3.65 3.64
   13.71 1234 16.52     0.00    0  0.00  13  2 85  2.82 3.65 3.64
   13.40 1236 16.16     0.00    0  0.00  14  2 84  2.82 3.65 3.64
    7.94  285  2.21     0.00    0  0.00  13  4 83  2.75 3.62 3.63
   65.01  253 16.04     0.00    0  0.00  14  1 85  2.75 3.62 3.63
    0.00    0  0.00     0.00    0  0.00  13  1 86  2.75 3.62 3.63
   10.67    3  0.03     0.00    0  0.00  14  1 85  2.75 3.62 3.63
   12.12 1351 15.99     0.00    0  0.00  15  1 84  2.75 3.62 3.63
   10.78 3935 41.41     0.00    0  0.00  24  4 71  2.77 3.61 3.63
    8.32 7845 63.77     0.00    0  0.00  26  4 69  2.77 3.61 3.63
    9.27 6817 61.69     0.00    0  0.00  28  5 67  2.77 3.61 3.63
    9.35 6662 60.85     0.00    0  0.00  23  5 73  2.77 3.61 3.63
   15.04 2716 39.89     0.00    0  0.00  17  2 81  2.77 3.61 3.63
   11.19 5818 63.59     0.00    0  0.00  23  4 72  2.71 3.59 3.62
   30.27  819 24.21     0.00    0  0.00  39  4 57  2.71 3.59 3.62
   19.28 3829 72.11     0.00    0  0.00  27  4 68  2.71 3.59 3.62
   11.78 7288 83.86     0.00    0  0.00  42  5 54  2.71 3.59 3.62
   15.20 3630 53.88     0.00    0  0.00  28  4 67  2.71 3.59 3.62
              disk0               disk4       cpu    load average
    KB/t  tps  MB/s     KB/t  tps  MB/s  us sy id   1m   5m   15m
    7.32 9708 69.39     0.00    0  0.00  22  5 74  2.97 3.63 3.63
   14.25 3749 52.16     0.00    0  0.00  18  5 77  2.97 3.63 3.63
   15.92 1028 15.99     0.00    0  0.00  19  2 79  2.97 3.63 3.63
   34.12  271  9.03     0.00    0  0.00  33  2 65  2.97 3.63 3.63
   35.46  567 19.63     0.00    0  0.00  16  1 82  2.97 3.63 3.63
   17.90  916 16.02     0.00    0  0.00  14  1 85  2.81 3.58 3.61
   17.84  919 16.00     0.00    0  0.00  13  1 86  2.81 3.58 3.61
    9.60   10  0.09     0.00    0  0.00  14  1 85  2.81 3.58 3.61
   16.26 1008 16.00     0.00    0  0.00  13  1 86  2.81 3.58 3.61
   15.43 1933 29.13     0.00    0  0.00  14  3 83  2.81 3.58 3.61
   11.20    5  0.05     0.00    0  0.00  14  1 85  2.67 3.54 3.60
    9.93   27  0.26     0.00    0  0.00  14  1 85  2.67 3.54 3.60
   16.00    1  0.02     0.00    0  0.00  14  1 85  2.67 3.54 3.60
   14.72 1706 24.53     0.00    0  0.00  22  3 75  2.67 3.54 3.60
   17.12 4314 72.10     0.00    0  0.00  23  4 73  2.67 3.54 3.60
   16.68 5219 84.99     0.00    0  0.00  37  4 59  3.09 3.61 3.62
   10.61 4204 43.57     0.00    0  0.00  20  6 74  3.09 3.61 3.62
    8.81 7425 63.87     0.00    0  0.00  21  5 74  3.09 3.61 3.62
    8.21 2115 16.97     0.00    0  0.00  23  3 74  3.09 3.61 3.62
   10.25 6629 66.38     0.00    0  0.00  36  6 59  3.09 3.61 3.62
              disk0               disk4       cpu    load average
    KB/t  tps  MB/s     KB/t  tps  MB/s  us sy id   1m   5m   15m
   19.48 2286 43.49     0.00    0  0.00  25  3 71  3.01 3.59 3.61
   10.92 6021 64.21     0.00    0  0.00  28  5 67  3.01 3.59 3.61
   14.59 5882 83.81     0.00    0  0.00  42  4 54  3.01 3.59 3.61
   11.58 4918 55.64     0.00    0  0.00  26  4 70  3.01 3.59 3.61
   11.63 7090 80.55     0.00    0  0.00  23  5 73  3.01 3.59 3.61
    8.41 3550 29.16     0.00    0  0.00  18  5 77  2.85 3.54 3.60
   11.17 1145 12.49     0.00    0  0.00  18  2 80  2.85 3.54 3.60
   13.08 1923 24.56     0.00    0  0.00  33  2 65  2.85 3.54 3.60
   14.75 1877 27.05     0.00    0  0.00  17  5 78  2.85 3.54 3.60
   12.00    3  0.04     0.00    0  0.00  13  1 86  2.85 3.54 3.60
   25.33  654 16.18     0.00    0  0.00  13  1 85  3.02 3.57 3.61
    8.30 1986 16.09     0.00    0  0.00  12  1 86  3.02 3.57 3.61
   12.71 1298 16.11     0.00    0  0.00  13  1 86  3.02 3.57 3.61
    0.00    0  0.00     0.00    0  0.00  14  1 85  3.02 3.57 3.61
   11.19 1473 16.09     0.00    0  0.00  13  1 86  3.02 3.57 3.61
    4.00    3  0.01     0.00    0  0.00  13  1 85  2.86 3.53 3.59
    0.00    0  0.00     0.00    0  0.00  13  1 86  2.86 3.53 3.59
   15.57 1584 24.08     0.00    0  0.00  21  2 77  2.86 3.53 3.59
    8.79 5577 47.86     0.00    0  0.00  23  5 72  2.86 3.53 3.59
   10.93 9149 97.68     0.00    0  0.00  36  6 58  2.86 3.53 3.59
              disk0               disk4       cpu    load average
    KB/t  tps  MB/s     KB/t  tps  MB/s  us sy id   1m   5m   15m
    9.65 6774 63.83     0.00    0  0.00  23  4 72  2.79 3.50 3.58
   11.62 4090 46.40     0.00    0  0.00  20  4 76  2.79 3.50 3.58
   18.56 2650 48.03     0.00    0  0.00  21  3 76  2.79 3.50 3.58
   16.72 2706 44.18     0.00    0  0.00  35  5 60  2.79 3.50 3.58
   10.63 4934 51.23     0.00    0  0.00  34  5 62  2.79 3.50 3.58
   25.97 3218 81.59     0.00    0  0.00  44  5 51  2.88 3.51 3.58
   20.27 3870 76.62     0.00    0  0.00  24  4 72  2.88 3.51 3.58
   10.17 6359 63.17     0.00    0  0.00  22  4 74  2.88 3.51 3.58
   13.63 5067 67.47     0.00    0  0.00  23  5 72  2.88 3.51 3.58
    9.16 2332 20.86     0.00    0  0.00  26  7 68  2.88 3.51 3.58
   22.93 2831 63.40     0.00    0  0.00  44  5 51  3.05 3.53 3.59
   17.93 4648 81.40     0.00    0  0.00  41  5 54  3.05 3.53 3.59
   16.03 5165 80.86     0.00    0  0.00  23  4 72  3.05 3.53 3.59
   17.33 2874 48.66     0.00    0  0.00  22  7 72  3.05 3.53 3.59
   11.85 5114 59.16     0.00    0  0.00  24  6 71  3.05 3.53 3.59
    6.91 5919 39.96     0.00    0  0.00  23  4 72  2.97 3.51 3.58
    8.91 7479 65.05     0.00    0  0.00  34  6 60  2.97 3.51 3.58
   11.03 7413 79.88     0.00    0  0.00  36  6 59  2.97 3.51 3.58
   14.45 3949 55.73     0.00    0  0.00  23  4 73  2.97 3.51 3.58
   20.41 3455 68.88     0.00    0  0.00  24  5 71  2.97 3.51 3.58
              disk0               disk4       cpu    load average
    KB/t  tps  MB/s     KB/t  tps  MB/s  us sy id   1m   5m   15m
   11.03 3317 35.75     0.00    0  0.00  24  3 72  2.89 3.48 3.57
   21.59 3169 66.83     0.00    0  0.00  32  6 62  2.89 3.48 3.57
   14.91 5282 76.93     0.00    0  0.00  39  5 55  2.89 3.48 3.57
   12.63 5227 64.46     0.00    0  0.00  31  4 65  2.89 3.48 3.57
    5.26 12314 63.27     0.00    0  0.00  34  6 60  2.89 3.48 3.57
    9.37 6374 58.31     0.00    0  0.00  48  5 47  2.90 3.47 3.57
    5.00 13223 64.54     0.00    0  0.00  53  6 41  2.90 3.47 3.57
    5.51 13652 73.47     0.00    0  0.00  42  6 52  2.90 3.47 3.57
    4.12 16401 65.98     0.00    0  0.00  33  5 62  2.90 3.47 3.57
    7.12 14766 102.61     0.00    0  0.00  33  6 61  2.90 3.47 3.57
    5.71 11608 64.68     0.00    0  0.00  45 12 44  3.07 3.50 3.58
    9.06 12581 111.25     0.00    0  0.00  32 12 56  3.07 3.50 3.58
    5.27 12618 64.91     0.00    0  0.00  41 11 48  3.07 3.50 3.58
    6.38 14385 89.67     0.00    0  0.00  47 13 40  3.07 3.50 3.58
   17.74 9260 160.45     0.00    0  0.00  49 10 41  3.07 3.50 3.58
   22.59 8480 187.10     0.00    0  0.00  38  8 54  3.14 3.51 3.58
   13.99 5071 69.28     0.00    0  0.00  37 11 51  3.14 3.51 3.58
   17.37 4836 82.05     0.00    0  0.00  37 11 52  3.14 3.51 3.58
   19.09 4406 82.16     0.00    0  0.00  40 10 50  3.14 3.51 3.58
   20.58 3971 79.82     0.00    0  0.00  38 13 49  3.14 3.51 3.58
              disk0               disk4       cpu    load average
    KB/t  tps  MB/s     KB/t  tps  MB/s  us sy id   1m   5m   15m
   11.57 7630 86.24     0.00    0  0.00  36 11 53  3.13 3.50 3.58
    9.74 5050 48.02     0.00    0  0.00  34 13 53  3.13 3.50 3.58
   19.58 1105 21.13     0.00    0  0.00  44  6 50  3.13 3.50 3.58
   10.75 7416 77.82     0.00    0  0.00  23  5 73  3.13 3.50 3.58
   40.03 1429 55.86     0.00    0  0.00  24  4 72  3.13 3.50 3.58
   21.07 3495 71.90     0.00    0  0.00  33  5 62  3.12 3.49 3.57
   17.38 4703 79.83     0.00    0  0.00  34  6 59  3.12 3.49 3.57
   11.05 5036 54.32     0.00    0  0.00  22  6 72  3.12 3.49 3.57
   10.41 2318 23.57     0.00    0  0.00  27  6 67  3.12 3.49 3.57
   31.92  822 25.63     0.00    0  0.00  28  2 71  3.12 3.49 3.57
    4.00    2  0.01     0.00    0  0.00  14  1 86  2.95 3.45 3.56
    0.00    0  0.00     0.00    0  0.00  13  1 85  2.95 3.45 3.56
    6.91   11  0.07     0.00    0  0.00  14  1 84  2.95 3.45 3.56
   11.99 1370 16.05     0.00    0  0.00  18  2 81  2.95 3.45 3.56
   19.27 3387 63.74     0.00    0  0.00  24  4 72  2.95 3.45 3.56
   21.03 3007 61.74     0.00    0  0.00  37  4 58  3.03 3.46 3.56
   22.11 3326 71.82     0.00    0  0.00  23  4 73  3.03 3.46 3.56
   13.20 4611 59.46     0.00    0  0.00  18  3 79  3.03 3.46 3.56
    8.14 3004 23.89     0.00    0  0.00  22  4 75  3.03 3.46 3.56
   15.57 4227 64.29     0.00    0  0.00  34  5 60  3.03 3.46 3.56
              disk0               disk4       cpu    load average
    KB/t  tps  MB/s     KB/t  tps  MB/s  us sy id   1m   5m   15m
   22.17 3208 69.44     0.00    0  0.00  26  4 70  2.95 3.43 3.55
   12.50 5095 62.17     0.00    0  0.00  39  6 55  2.95 3.43 3.55
   20.55 5419 108.74     0.00    0  0.00  36  5 59  2.95 3.43 3.55
   11.92 5864 68.25     0.00    0  0.00  23  5 72  2.95 3.43 3.55
   12.10 4390 51.86     0.00    0  0.00  23  6 71  2.95 3.43 3.55
   21.61  764 16.12     0.00    0  0.00  15  2 83  2.79 3.39 3.54
   17.66 1273 21.94     0.00    0  0.00  31  2 67  2.79 3.39 3.54
   42.51  168  6.99     0.00    0  0.00  20  2 78  2.79 3.39 3.54
   16.17 1012 15.98     0.00    0  0.00  13  1 85  2.79 3.39 3.54
   19.25  855 16.08     0.00    0  0.00  13  1 85  2.79 3.39 3.54
   13.78 1207 16.24     0.00    0  0.00  13  1 86  2.65 3.35 3.52
    9.78   45  0.43     0.00    0  0.00  14  1 84  2.65 3.35 3.52
   24.41  791 18.86     0.00    0  0.00  14  3 84  2.65 3.35 3.52
   14.52   65  0.92     0.00    0  0.00  14  1 85  2.65 3.35 3.52
    8.80    5  0.04     0.00    0  0.00  14  1 85  2.65 3.35 3.52
---------NEW-TRIAL----------
              disk0               disk4       cpu    load average
    KB/t  tps  MB/s     KB/t  tps  MB/s  us sy id   1m   5m   15m
   16.93  357  5.91     8.60    0  0.00  15  5 79  4.05 3.52 3.52
    6.12  838  5.01     0.00    0  0.00  19  7 74  4.05 3.52 3.52
    7.13   23  0.16     0.00    0  0.00  20  5 75  3.88 3.49 3.51
   12.61  371  4.57     0.00    0  0.00  20  5 75  3.88 3.49 3.51
   12.32   63  0.76     0.00    0  0.00  20  4 75  3.88 3.49 3.51
   12.40   10  0.12     0.00    0  0.00  20  5 75  3.88 3.49 3.51
    8.57    7  0.06     0.00    0  0.00  14  2 85  3.88 3.49 3.51
   11.18  234  2.55     0.00    0  0.00  22  6 72  3.65 3.45 3.50
    9.90   40  0.38     0.00    0  0.00  18  4 78  3.65 3.45 3.50
   11.38   78  0.86     0.00    0  0.00  17  4 79  3.65 3.45 3.50
    5.30  186  0.97     0.00    0  0.00  19  4 78  3.65 3.45 3.50
    6.62  218  1.41     0.00    0  0.00  15  2 83  3.65 3.45 3.50
   12.09   44  0.52     0.00    0  0.00  14  2 84  3.44 3.41 3.48
    4.02  780  3.06     0.00    0  0.00  14  2 84  3.44 3.41 3.48
    0.00    0  0.00     0.00    0  0.00  13  1 85  3.44 3.41 3.48
    4.00    3  0.01     0.00    0  0.00  14  1 85  3.44 3.41 3.48
   14.12   51  0.70     0.00    0  0.00  13  1 85  3.44 3.41 3.48
    5.00    8  0.04     0.00    0  0.00  13  1 85  3.24 3.37 3.47
   14.34 2285 32.00     0.00    0  0.00  18  4 78  3.24 3.37 3.47
   76.96  844 63.45     0.00    0  0.00  19  4 77  3.24 3.37 3.47
              disk0               disk4       cpu    load average
    KB/t  tps  MB/s     KB/t  tps  MB/s  us sy id   1m   5m   15m
    6.85  404  2.70     0.00    0  0.00  14  2 84  3.24 3.37 3.47
   37.42  876 32.02     0.00    0  0.00  24  3 73  3.24 3.37 3.47
   16.71 3519 57.43     0.00    0  0.00  34  4 62  3.14 3.35 3.46
   21.35 2700 56.27     0.00    0  0.00  29  4 68  3.14 3.35 3.46
   13.99 5072 69.30     0.00    0  0.00  23  4 73  3.14 3.35 3.46
   18.91  446  8.23     0.00    0  0.00  19  2 78  3.14 3.35 3.46
   25.98 1864 47.30     0.00    0  0.00  26  6 68  3.14 3.35 3.46
   30.87 1050 31.64     0.00    0  0.00  37  3 60  3.21 3.36 3.46
   12.93 4596 58.02     0.00    0  0.00  26  5 69  3.21 3.36 3.46
   10.97 5784 61.96     0.00    0  0.00  44  5 52  3.21 3.36 3.46
   18.56 3121 56.58     0.00    0  0.00  26  3 71  3.21 3.36 3.46
   10.14 3360 33.28     0.00    0  0.00  20  3 77  3.21 3.36 3.46
    7.86 6914 53.05     0.00    0  0.00  20  5 75  3.11 3.33 3.45
    6.65 1303  8.47     0.00    0  0.00  18  3 79  3.11 3.33 3.45
   61.32  115  6.87     0.00    0  0.00  30  2 67  3.11 3.33 3.45
   67.07  108  7.06     0.00    0  0.00  27  2 72  3.11 3.33 3.45
   13.23   13  0.17     0.00    0  0.00  14  1 85  3.11 3.33 3.45
   14.17  132  1.83     0.00    0  0.00  17  3 80  2.94 3.30 3.44
    5.83   46  0.26     0.00    0  0.00  17  9 74  2.94 3.30 3.44
   16.19   63  0.99     0.00    0  0.00  18 10 72  2.94 3.30 3.44
              disk0               disk4       cpu    load average
    KB/t  tps  MB/s     KB/t  tps  MB/s  us sy id   1m   5m   15m
    6.09   23  0.14     0.00    0  0.00  17  9 74  2.94 3.30 3.44
   23.41 5933 135.65     0.00    0  0.00  21  8 71  2.94 3.30 3.44
   21.43 3206 67.09     0.00    0  0.00  18  9 72  2.95 3.29 3.43
    8.00    2  0.02     0.00    0  0.00  17  9 74  2.95 3.29 3.43
    8.35 3345 27.29     0.00    0  0.00  30 11 59  2.95 3.29 3.43
   15.18 5399 80.02     0.00    0  0.00  42  9 49  2.95 3.29 3.43
   27.26 2137 56.89     0.00    0  0.00  29 11 60  2.95 3.29 3.43
   18.37 3196 57.33     0.00    0  0.00  31 12 57  2.95 3.29 3.43
   22.14 1118 24.18     0.00    0  0.00  23  9 68  2.95 3.29 3.43
   19.97 2864 55.86     0.00    0  0.00  28 11 61  2.95 3.29 3.43
   12.11 1809 21.38     0.00    0  0.00  41 10 48  2.95 3.29 3.43
   11.42 5583 62.24     0.00    0  0.00  41  7 52  2.95 3.29 3.43
    7.54 9377 69.01     0.00    0  0.00  38  5 58  3.28 3.35 3.45
    9.51 5319 49.41     0.00    0  0.00  23  4 74  3.28 3.35 3.45
    9.80 6459 61.84     0.00    0  0.00  23  4 73  3.28 3.35 3.45
    7.81 4935 37.63     0.00    0  0.00  18  4 78  3.28 3.35 3.45
   10.67    9  0.09     0.00    0  0.00  19  2 79  3.28 3.35 3.45
   52.48  148  7.59     0.00    0  0.00  35  2 63  3.25 3.34 3.45
   47.95  156  7.32     0.00    0  0.00  18  2 80  3.25 3.34 3.45
    4.31   13  0.05     0.00    0  0.00  14  1 85  3.25 3.34 3.45
              disk0               disk4       cpu    load average
    KB/t  tps  MB/s     KB/t  tps  MB/s  us sy id   1m   5m   15m
    6.06  586  3.47     0.00    0  0.00  13  2 85  3.25 3.34 3.45
    0.00    0  0.00     0.00    0  0.00  13  1 86  3.25 3.34 3.45
   43.09  128  5.38     0.00    0  0.00  13  1 86  3.07 3.30 3.43
   10.51  296  3.03     0.00    0  0.00  14  2 84  3.07 3.30 3.43
   11.00   24  0.26     0.00    0  0.00  14  3 84  3.07 3.30 3.43
   11.22   46  0.50     0.00    0  0.00  14  1 84  3.07 3.30 3.43
    6.28  136  0.84     0.00    0  0.00  15  1 84  3.07 3.30 3.43
   15.51 1183 17.92     0.00    0  0.00  24  3 73  2.99 3.28 3.42
   18.21 3041 54.06     0.00    0  0.00  30  4 66  2.99 3.28 3.42
   40.17 8419 330.21     0.00    0  0.00  32  6 62  2.99 3.28 3.42
   12.62 4777 58.89     0.00    0  0.00  33  5 62  2.99 3.28 3.42
   11.43 3997 44.62     0.00    0  0.00  27  4 69  2.99 3.28 3.42
    7.10 6394 44.32     0.00    0  0.00  33  4 63  3.07 3.29 3.43
    9.86 3455 33.28     0.00    0  0.00  46  6 49  3.07 3.29 3.43
   24.07 10836 254.77     0.00    0  0.00  37 10 53  3.07 3.29 3.43
   23.87 18193 424.17     0.00    0  0.00  40 15 46  3.07 3.29 3.43
   11.48 14410 161.58     0.00    0  0.00  42 15 44  3.07 3.29 3.43
   10.76 13682 143.72     0.00    0  0.00  35 14 51  4.34 3.55 3.52
   19.63 6241 119.63     0.00    0  0.00  26  7 67  4.34 3.55 3.52
   15.90 8745 135.77     0.00    0  0.00  24  7 69  4.34 3.55 3.52
              disk0               disk4       cpu    load average
    KB/t  tps  MB/s     KB/t  tps  MB/s  us sy id   1m   5m   15m
   18.29 2607 46.58     0.00    0  0.00  19  7 74  4.34 3.55 3.52
    4.40 1717  7.37     0.00    0  0.00  20  8 71  4.34 3.55 3.52
    4.54  157  0.69     0.00    0  0.00  18  5 77  4.16 3.53 3.51
    0.00    0  0.00     0.00    0  0.00  13  1 85  4.16 3.53 3.51
   26.00   10  0.25     0.00    0  0.00  13  1 86  4.16 3.53 3.51
   14.29 2822 39.37     0.00    0  0.00  15  3 82  4.16 3.53 3.51
   49.42 1734 83.71     0.00    0  0.00  22  4 75  4.16 3.53 3.51
   15.41 1113 16.74     0.00    0  0.00  13  1 86  3.98 3.50 3.50
   14.60 1159 16.53     0.00    0  0.00  13  2 86  3.98 3.50 3.50
   15.78   36  0.55     0.00    0  0.00  15  2 83  3.98 3.50 3.50
    0.00    0  0.00     0.00    0  0.00  13  1 86  3.98 3.50 3.50
   65.13  144  9.18     0.00    0  0.00  21  2 76  3.98 3.50 3.50
   18.31 3997 71.45     0.00    0  0.00  23  4 73  3.82 3.48 3.49
   18.73 4132 75.58     0.00    0  0.00  23  4 73  3.82 3.48 3.49
   17.08 3351 55.89     0.00    0  0.00  24  3 73  3.82 3.48 3.49
   16.80 2594 42.56     0.00    0  0.00  21  3 76  3.82 3.48 3.49
    9.60 7245 67.90     0.00    0  0.00  24  4 73  3.82 3.48 3.49
    7.21 1121  7.89     0.00    0  0.00  31  7 62  3.76 3.47 3.49
   10.75 7336 77.05     0.00    0  0.00  38 13 49  3.76 3.47 3.49
   17.08 3305 55.11     0.00    0  0.00  37 12 51  3.76 3.47 3.49
              disk0               disk4       cpu    load average
    KB/t  tps  MB/s     KB/t  tps  MB/s  us sy id   1m   5m   15m
   14.60 5017 71.53     0.00    0  0.00  33  8 59  3.76 3.47 3.49
   21.20 2963 61.33     0.00    0  0.00  28  7 65  3.76 3.47 3.49
   20.65 2492 50.24     0.00    0  0.00  30  7 63  3.62 3.44 3.48
   20.44 3780 75.47     0.00    0  0.00  33 10 57  3.62 3.44 3.48
   20.46  251  5.01     0.00    0  0.00  25  6 69  3.62 3.44 3.48
   13.48 2018 26.55     0.00    0  0.00  23  6 71  3.62 3.44 3.48
   13.10 4338 55.50     0.00    0  0.00  24  7 69  3.62 3.44 3.48
   19.68  100  1.91     0.00    0  0.00  25  5 70  3.57 3.44 3.48
   15.41 1482 22.30     0.00    0  0.00  32  7 61  3.57 3.44 3.48
   10.72  828  8.67     0.00    0  0.00  24  7 70  3.57 3.44 3.48
   14.50 1184 16.77     0.00    0  0.00  29  5 66  3.57 3.44 3.48
   15.66 1475 22.55     0.00    0  0.00  16  3 82  3.57 3.44 3.48
    9.05   19  0.17     0.00    0  0.00  16  2 82  3.44 3.41 3.47
    8.05 2181 17.15     0.00    0  0.00  14  3 83  3.44 3.41 3.47
   12.01 1382 16.22     0.00    0  0.00  15  3 82  3.44 3.41 3.47
    6.86    7  0.05     0.00    0  0.00  15  2 83  3.44 3.41 3.47
   24.92   26  0.63     0.00    0  0.00  13  1 86  3.44 3.41 3.47
   13.69   26  0.35     0.00    0  0.00  21  3 76  3.25 3.37 3.45
   19.87 3402 66.02     0.00    0  0.00  29  7 64  3.25 3.37 3.45
   22.13 3339 72.14     0.00    0  0.00  25  5 70  3.25 3.37 3.45
              disk0               disk4       cpu    load average
    KB/t  tps  MB/s     KB/t  tps  MB/s  us sy id   1m   5m   15m
   11.94 4437 51.72     0.00    0  0.00  24  4 71  3.25 3.37 3.45
   19.44 3543 67.26     0.00    0  0.00  22  5 73  3.25 3.37 3.45
   10.48 5982 61.23     0.00    0  0.00  26  7 67  3.06 3.33 3.44
   14.57 2912 41.42     0.00    0  0.00  27  7 66  3.06 3.33 3.44
   17.39 3363 57.13     0.00    0  0.00  25  6 69  3.06 3.33 3.44
   26.98 2197 57.88     0.00    0  0.00  26  6 68  3.06 3.33 3.44
   21.69 3279 69.46     0.00    0  0.00  25  5 70  3.06 3.33 3.44
   19.94 3439 66.96     0.00    0  0.00  27  6 67  2.98 3.31 3.43
   28.11 2287 62.78     0.00    0  0.00  26  7 67  2.98 3.31 3.43
   13.26 1634 21.17     0.00    0  0.00  22 11 67  2.98 3.31 3.43
   29.08 2028 57.58     0.00    0  0.00  26  7 67  2.98 3.31 3.43
   20.86 3429 69.86     0.00    0  0.00  26  7 68  2.98 3.31 3.43
   23.44 2194 50.22     0.00    0  0.00  29  7 63  3.06 3.32 3.43
   15.93 5154 80.16     0.00    0  0.00  24  6 70  3.06 3.32 3.43
   20.86 2970 60.49     0.00    0  0.00  25  6 69  3.06 3.32 3.43
   13.06 2876 36.67     0.00    0  0.00  28  6 66  3.06 3.32 3.43
   13.66 5281 70.43     0.00    0  0.00  26  6 68  3.06 3.32 3.43
    9.93 6165 59.78     0.00    0  0.00  27  7 65  3.78 3.46 3.48
   18.08 3322 58.65     0.00    0  0.00  30  6 64  3.78 3.46 3.48
   20.51 3087 61.84     0.00    0  0.00  25  5 70  3.78 3.46 3.48
              disk0               disk4       cpu    load average
    KB/t  tps  MB/s     KB/t  tps  MB/s  us sy id   1m   5m   15m
   21.60 2719 57.34     0.00    0  0.00  28  9 63  3.78 3.46 3.48
   21.71 2343 49.69     0.00    0  0.00  24  4 72  3.78 3.46 3.48
   14.09 7084 97.46     0.00    0  0.00  28 13 59  3.87 3.49 3.49
   23.82 2705 62.93     0.00    0  0.00  30 14 57  3.87 3.49 3.49
   16.57 4878 78.94     0.00    0  0.00  32 15 53  3.87 3.49 3.49
   10.49 1849 18.94     0.00    0  0.00  38 12 50  3.87 3.49 3.49
    5.34 11173 58.26     0.00    0  0.00  37  6 57  3.87 3.49 3.49
    4.37 10683 45.61     0.00    0  0.00  41  8 51  4.04 3.53 3.51
    8.67 9452 80.01     0.00    0  0.00  48 14 38  4.04 3.53 3.51
   12.06 10402 122.47     0.00    0  0.00  47 21 32  4.04 3.53 3.51
    4.30 11813 49.60     0.00    0  0.00  38  8 54  4.04 3.53 3.51
    5.33 13657 71.05     0.00    0  0.00  38  8 55  4.76 3.69 3.56
    5.25 10393 53.31     0.00    0  0.00  40  9 51  4.76 3.69 3.56
    7.07 11454 79.10     0.00    0  0.00  46  9 45  4.76 3.69 3.56
    9.41 11890 109.24     0.00    0  0.00  37  8 55  4.76 3.69 3.56
    8.56 9590 80.19     0.00    0  0.00  35  9 55  4.76 3.69 3.56
    6.64 5067 32.86     0.00    0  0.00  36  7 57  4.62 3.68 3.56
    4.18 13082 53.43     0.00    0  0.00  35  5 61  4.62 3.68 3.56
    5.17 13872 70.05     0.00    0  0.00  35  5 60  4.62 3.68 3.56
    5.60 8348 45.66     0.00    0  0.00  39  8 53  4.62 3.68 3.56
              disk0               disk4       cpu    load average
    KB/t  tps  MB/s     KB/t  tps  MB/s  us sy id   1m   5m   15m
   64.37 4029 253.27     0.00    0  0.00  57 10 33  4.62 3.68 3.56
   23.21 2149 48.71     0.00    0  0.00  47  8 46  4.57 3.68 3.56
   21.12 3214 66.28     0.00    0  0.00  26  6 68  4.57 3.68 3.56
   20.63 2752 55.45     0.00    0  0.00  30  8 62  4.57 3.68 3.56
   24.23 2773 65.61     0.00    0  0.00  29  7 64  4.57 3.68 3.56
    5.61 7022 38.49     0.00    0  0.00  16 10 73  4.57 3.68 3.56
    6.31 8388 51.73     0.00    0  0.00  22 12 66  4.44 3.67 3.56
   24.33 1106 26.27     0.00    0  0.00  36  7 57  4.44 3.67 3.56
   19.67 2508 48.16     0.00    0  0.00  31  7 63  4.44 3.67 3.56
   17.43 4069 69.27     0.00    0  0.00  24  5 70  4.44 3.67 3.56
    9.62 5982 56.22     0.00    0  0.00  25  5 70  4.44 3.67 3.56
   15.11 4865 71.80     0.00    0  0.00  23  4 73  4.25 3.64 3.55
    9.73 5895 56.00     0.00    0  0.00  30  7 64  4.25 3.64 3.55
    8.96 5651 49.44     0.00    0  0.00  18  8 73  4.25 3.64 3.55
   13.99 1196 16.34     0.00    0  0.00  13  1 85  4.25 3.64 3.55
    7.73   15  0.11     0.00    0  0.00  13  1 85  4.25 3.64 3.55
   17.23  955 16.08     0.00    0  0.00  14  1 85  3.99 3.60 3.53
    4.00    1  0.00     0.00    0  0.00  13  1 86  3.99 3.60 3.53
    9.56   18  0.17     0.00    0  0.00  15  1 84  3.99 3.60 3.53
   22.76  807 17.94     0.00    0  0.00  27  6 67  3.99 3.60 3.53
              disk0               disk4       cpu    load average
    KB/t  tps  MB/s     KB/t  tps  MB/s  us sy id   1m   5m   15m
    7.56 6756 49.86     0.00    0  0.00  25  6 69  3.99 3.60 3.53
    8.12 9156 72.59     0.00    0  0.00  23  4 73  3.83 3.57 3.52
   11.06 6495 70.16     0.00    0  0.00  25  5 70  3.83 3.57 3.52
    9.57 5119 47.86     0.00    0  0.00  26  5 69  3.83 3.57 3.52
   10.30 3502 35.24     0.00    0  0.00  22  4 73  3.83 3.57 3.52
    8.76 5383 46.03     0.00    0  0.00  25  5 70  3.83 3.57 3.52
    8.97 3864 33.85     0.00    0  0.00  28  4 68  3.84 3.58 3.53
    9.51 8418 78.16     0.00    0  0.00  25  6 69  3.84 3.58 3.53
    8.70 5961 50.65     0.00    0  0.00  23  4 73  3.84 3.58 3.53
   12.92 5781 72.92     0.00    0  0.00  26  4 70  3.84 3.58 3.53
   12.61 6841 84.24     0.00    0  0.00  22  4 74  3.84 3.58 3.53
    6.47 3574 22.59     0.00    0  0.00  17  5 79  3.77 3.57 3.52
   18.73  874 15.98     0.00    0  0.00  13  1 86  3.77 3.57 3.52
   13.77 1210 16.28     0.00    0  0.00  14  2 84  3.77 3.57 3.52
   12.07 1073 12.65     0.00    0  0.00  21  6 72  3.77 3.57 3.52
   19.77  374  7.21     0.00    0  0.00  19  4 77  3.77 3.57 3.52
   20.86  833 16.96     0.00    0  0.00  19  4 77  4.19 3.66 3.55
   23.87  685 15.96     0.00    0  0.00  15  3 82  4.19 3.66 3.55
    8.44    9  0.07     0.00    0  0.00  17  4 79  4.19 3.66 3.55
   13.47 1247 16.41     0.00    0  0.00  17  4 79  4.19 3.66 3.55
              disk0               disk4       cpu    load average
    KB/t  tps  MB/s     KB/t  tps  MB/s  us sy id   1m   5m   15m
   77.49   91  6.86     0.00    0  0.00  18  4 78  4.19 3.66 3.55
   17.41 1027 17.46     0.00    0  0.00  20  6 74  4.10 3.65 3.55
   44.75  201  8.77     0.00    0  0.00  32 12 56  4.10 3.65 3.55
   20.55   22  0.44     0.00    0  0.00  34  6 60  4.10 3.65 3.55
   23.52  366  8.40     0.00    0  0.00  25  5 70  4.10 3.65 3.55
   11.95 5140 59.96     0.00    0  0.00  30  6 64  4.10 3.65 3.55
    8.22 9105 73.08     0.00    0  0.00  28  5 67  3.93 3.62 3.54
   10.12 6114 60.44     0.00    0  0.00  23  4 73  3.93 3.62 3.54
   11.89 6859 79.65     0.00    0  0.00  22  4 74  3.93 3.62 3.54
    5.04 1640  8.08     0.00    0  0.00  19  2 79  3.93 3.62 3.54
   10.18 6829 67.90     0.00    0  0.00  27  7 66  3.93 3.62 3.54
   11.86 3189 36.93     0.00    0  0.00  30  6 64  4.01 3.64 3.55
   14.91 4769 69.45     0.00    0  0.00  25  5 70  4.01 3.64 3.55
   20.11 2852 56.01     0.00    0  0.00  24  4 72  4.01 3.64 3.55
   21.22 3094 64.12     0.00    0  0.00  24  5 72  4.01 3.64 3.55
   22.46 2754 60.40     0.00    0  0.00  24  4 72  4.01 3.64 3.55
   27.58 1975 53.21     0.00    0  0.00  20  6 74  3.85 3.61 3.54
   15.66 1072 16.40     0.00    0  0.00  14  2 84  3.85 3.61 3.54
   45.34  363 16.07     0.00    0  0.00  13  1 86  3.85 3.61 3.54
