---------NEW-TRIAL----------
              disk0               disk4       cpu    load average
    KB/t  tps  MB/s     KB/t  tps  MB/s  us sy id   1m   5m   15m
   16.69  345  5.62     8.60    0  0.00  15  5 79  1.92 3.60 3.58
    7.71  203  1.53     0.00    0  0.00  16  4 80  1.84 3.56 3.57
   29.33    6  0.17     0.00    0  0.00  27  6 67  1.84 3.56 3.57
   31.27   33  1.00     0.00    0  0.00  22  5 72  1.84 3.56 3.57
   64.00    1  0.06     0.00    0  0.00  17  3 80  1.84 3.56 3.57
    9.14  116  1.03     0.00    0  0.00  22  5 72  1.84 3.56 3.57
   44.80   10  0.44     0.00    0  0.00  18  4 79  1.77 3.52 3.55
    7.50  128  0.93     0.00    0  0.00  23  5 72  1.77 3.52 3.55
   16.00   36  0.56     0.00    0  0.00  22  5 73  1.77 3.52 3.55
   15.00   24  0.35     0.00    0  0.00  19  4 77  1.77 3.52 3.55
   10.18   11  0.11     0.00    0  0.00  20  3 77  1.77 3.52 3.55
  126.09  323 39.73     0.00    0  0.00  26  4 70  1.87 3.51 3.55
  228.97  144 32.27     0.00    0  0.00  22  4 73  1.87 3.51 3.55
  227.69  143 31.90     0.00    0  0.00  22  5 73  1.87 3.51 3.55
  220.71  213 45.89     0.00    0  0.00  22  5 73  1.87 3.51 3.55
  217.14  151 31.92     0.00    0  0.00  21  4 75  1.87 3.51 3.55
  120.00    2  0.23     0.00    0  0.00  20  4 76  1.80 3.46 3.53
    4.48   75  0.33     0.00    0  0.00  21  4 75  1.80 3.46 3.53
   64.00    1  0.06     0.00    0  0.00  18  3 78  1.80 3.46 3.53
    9.35   83  0.75     0.00    0  0.00  16  2 82  1.80 3.46 3.53
              disk0               disk4       cpu    load average
    KB/t  tps  MB/s     KB/t  tps  MB/s  us sy id   1m   5m   15m
    0.00    0  0.00     0.00    0  0.00  18  4 79  1.80 3.46 3.53
  188.96   50  9.18     0.00    0  0.00  17  3 80  1.74 3.42 3.52
  233.07  261 59.42     0.00    0  0.00  18  4 78  1.74 3.42 3.52
  248.24  131 31.85     0.00    0  0.00  16  2 81  1.74 3.42 3.52
  240.94  136 31.88     0.00    0  0.00  17  2 81  1.74 3.42 3.52
  133.51  390 50.87     0.00    0  0.00  19  4 78  1.74 3.42 3.52
  230.85  141 31.89     0.00    0  0.00  19  4 78  1.76 3.40 3.51
  232.40  140 31.87     0.00    0  0.00  27  4 69  1.76 3.40 3.51
  241.66   87 20.45     0.00    0  0.00  22  5 73  1.76 3.40 3.51
  240.73  224 52.65     0.00    0  0.00  22  5 73  1.76 3.40 3.51
  233.03  128 29.02     0.00    0  0.00  22  5 72  1.76 3.40 3.51
  229.31  179 40.12     0.00    0  0.00  28  5 67  1.78 3.38 3.50
  240.94  136 31.88     0.00    0  0.00  21  4 74  1.78 3.38 3.50
  224.44  145 31.85     0.00    0  0.00  21  5 74  1.78 3.38 3.50
  228.19  215 47.96     0.00    0  0.00  22  5 73  1.78 3.38 3.50
  149.53  151 22.10     0.00    0  0.00  22  5 72  1.78 3.38 3.50
  242.34  226 53.50     0.00    0  0.00  22  5 73  1.79 3.35 3.49
  270.81  120 31.85     0.00    0  0.00  29  6 65  1.79 3.35 3.49
  146.84  226 32.39     0.00    0  0.00  21  4 74  1.79 3.35 3.49
  165.55  156 25.29     0.00    0  0.00  22  5 73  1.79 3.35 3.49
              disk0               disk4       cpu    load average
    KB/t  tps  MB/s     KB/t  tps  MB/s  us sy id   1m   5m   15m
  234.58  160 36.75     0.00    0  0.00  28  5 67  1.79 3.35 3.49
  252.74  194 47.91     0.00    0  0.00  22  5 73  1.81 3.33 3.48
  215.70  134 28.12     0.00    0  0.00  21  5 74  1.81 3.33 3.48
  231.69  207 46.84     0.00    0  0.00  22  5 73  1.81 3.33 3.48
  202.65  162 32.14     0.00    0  0.00  28  5 67  1.81 3.33 3.48
  226.24  147 32.55     0.00    0  0.00  21  5 74  1.81 3.33 3.48
  207.92  158 32.17     0.00    0  0.00  21  4 75  1.99 3.34 3.48
  231.85  211 47.78     0.00    0  0.00  23  5 72  1.99 3.34 3.48
  232.77  140 31.93     0.00    0  0.00  21  5 74  1.99 3.34 3.48
  126.80  185 22.93     0.00    0  0.00  24  6 70  1.99 3.34 3.48
  201.12  220 43.25     0.00    0  0.00  21  4 75  1.99 3.34 3.48
  243.45  136 32.42     0.00    0  0.00  27  5 68  2.07 3.33 3.48
  213.28  183 38.18     0.00    0  0.00  21  5 74  2.07 3.33 3.48
  213.81  191 39.90     0.00    0  0.00  22  5 73  2.07 3.33 3.48
  203.59  241 47.94     0.00    0  0.00  21  4 75  2.07 3.33 3.48
  114.35  302 33.68     0.00    0  0.00  20  4 76  2.07 3.33 3.48
  242.73  135 31.88     0.00    0  0.00  20  5 75  2.14 3.33 3.48
  230.76  141 31.85     0.00    0  0.00  21  5 75  2.14 3.33 3.48
   88.33   12  1.03     0.00    0  0.00  25  5 70  2.14 3.33 3.48
   37.71    7  0.26     0.00    0  0.00  16  3 81  2.14 3.33 3.48
              disk0               disk4       cpu    load average
    KB/t  tps  MB/s     KB/t  tps  MB/s  us sy id   1m   5m   15m
   10.77   13  0.14     0.00    0  0.00  18  4 78  2.14 3.33 3.48
   17.71   35  0.60     0.00    0  0.00  20  5 76  2.13 3.31 3.47
   23.60  139  3.21     0.00    0  0.00  19  5 77  2.13 3.31 3.47
    4.00    4  0.02     0.00    0  0.00  20  8 72  2.13 3.31 3.47
    0.00    0  0.00     0.00    0  0.00  21  5 75  2.13 3.31 3.47
   18.00   12  0.21     0.00    0  0.00  20  5 75  2.13 3.31 3.47
    0.00    0  0.00     0.00    0  0.00  19  5 75  2.12 3.28 3.46
   40.46   26  1.02     0.00    0  0.00  20  6 74  2.12 3.28 3.46
    6.84  107  0.71     0.00    0  0.00  26  5 70  2.12 3.28 3.46
   11.16   19  0.21     0.00    0  0.00  17  4 79  2.12 3.28 3.46
   64.00    1  0.06     0.00    0  0.00  16  3 81  2.12 3.28 3.46
    0.00    0  0.00     0.00    0  0.00  20  4 76  2.03 3.25 3.45
   10.29   68  0.68     0.00    0  0.00  21  5 74  2.03 3.25 3.45
   35.69   51  1.77     0.00    0  0.00  23  6 70  2.03 3.25 3.45
    5.00    8  0.04     0.00    0  0.00  27  6 67  2.03 3.25 3.45
   10.00    4  0.04     0.00    0  0.00  20  7 73  2.03 3.25 3.45
   10.80   10  0.10     0.00    0  0.00  21  7 72  2.11 3.24 3.44
    0.00    0  0.00     0.00    0  0.00  22  8 71  2.11 3.24 3.44
   28.00    3  0.08     0.00    0  0.00  22  7 72  2.11 3.24 3.44
    8.65   93  0.78     0.00    0  0.00  21  5 74  2.11 3.24 3.44
              disk0               disk4       cpu    load average
    KB/t  tps  MB/s     KB/t  tps  MB/s  us sy id   1m   5m   15m
   16.00    1  0.02     0.00    0  0.00  21  5 74  2.18 3.24 3.44
   15.20   10  0.15     0.00    0  0.00  22  5 73  2.18 3.24 3.44
   23.20   15  0.34     0.00    0  0.00  31  7 62  2.18 3.24 3.44
    0.00    0  0.00     0.00    0  0.00  22  5 73  2.18 3.24 3.44
    4.00    2  0.01     0.00    0  0.00  21  6 73  2.18 3.24 3.44
   18.58  149  2.69     0.00    0  0.00  22  5 73  2.08 3.20 3.43
    0.00    0  0.00     0.00    0  0.00  20  5 75  2.08 3.20 3.43
    0.00    0  0.00     0.00    0  0.00  21  5 74  2.08 3.20 3.43
   15.08   13  0.19     0.00    0  0.00  27  5 68  2.08 3.20 3.43
    0.00    0  0.00     0.00    0  0.00  22  6 72  2.08 3.20 3.43
    6.22    9  0.05     0.00    0  0.00  23  5 72  2.24 3.21 3.43
    4.00    1  0.00     0.00    0  0.00  22  5 73  2.24 3.21 3.43
   12.73   11  0.14     0.00    0  0.00  20  5 75  2.24 3.21 3.43
   39.29   17  0.65     0.00    0  0.00  21  5 74  2.24 3.21 3.43
   64.00    1  0.06     0.00    0  0.00  20  5 76  2.24 3.21 3.43
   10.81   54  0.57     0.00    0  0.00  21  5 74  2.30 3.21 3.43
    0.00    0  0.00     0.00    0  0.00  28  5 66  2.30 3.21 3.43
    0.00    0  0.00     0.00    0  0.00  22  6 72  2.30 3.21 3.43
    0.00    0  0.00     0.00    0  0.00  20  4 75  2.30 3.21 3.43
    7.28  115  0.82     0.00    0  0.00  22  5 73  2.30 3.21 3.43
              disk0               disk4       cpu    load average
    KB/t  tps  MB/s     KB/t  tps  MB/s  us sy id   1m   5m   15m
    8.27   15  0.12     0.00    0  0.00  27  5 68  2.19 3.17 3.41
   60.25   16  0.94     0.00    0  0.00  23  6 71  2.19 3.17 3.41
   31.38   13  0.40     0.00    0  0.00  22  5 73  2.19 3.17 3.41
   13.45   22  0.29     0.00    0  0.00  20  5 75  2.19 3.17 3.41
    0.00    0  0.00     0.00    0  0.00  22  6 72  2.19 3.17 3.41
   10.00    8  0.08     0.00    0  0.00  26  5 69  2.10 3.14 3.40
