---------NEW-TRIAL----------
              disk0               disk4       cpu    load average
    KB/t  tps  MB/s     KB/t  tps  MB/s  us sy id   1m   5m   15m
   16.55  344  5.55     8.60    0  0.00  15  5 79  1.48 2.67 3.70
    6.26 1046  6.39     0.00    0  0.00  22  7 71  1.48 2.67 3.70
   64.00    5  0.31     0.00    0  0.00  22  5 73  1.48 2.67 3.70
   82.96  272 22.03     0.00    0  0.00  19  6 75  1.68 2.70 3.71
  395.10  115 44.21     0.00    0  0.00  18  3 79  1.68 2.70 3.71
  427.97  114 47.83     0.00    0  0.00  19  4 76  1.68 2.70 3.71
  395.57   83 31.93     0.00    0  0.00  18  4 77  1.68 2.70 3.71
   35.82 1156 40.45     0.00    0  0.00  20  4 77  1.68 2.70 3.71
  385.73   67 25.13     0.00    0  0.00  21  4 75  1.71 2.68 3.70
  187.61  343 62.91     0.00    0  0.00  20  5 75  1.71 2.68 3.70
  429.09   77 32.11     0.00    0  0.00  20  5 76  1.71 2.68 3.70
  474.90   69 31.90     0.00    0  0.00  15  3 81  1.71 2.68 3.70
  437.12   75 31.88     0.00    0  0.00  18  3 78  1.71 2.68 3.70
  405.90  121 48.14     0.00    0  0.00  22  5 72  1.73 2.67 3.69
  171.26  199 33.33     0.00    0  0.00  23  6 71  1.73 2.67 3.69
  144.92  370 52.30     0.00    0  0.00  27  6 67  1.73 2.67 3.69
  101.08  368 36.36     0.00    0  0.00  22  5 73  1.73 2.67 3.69
   97.42  364 34.68     0.00    0  0.00  18  3 79  1.73 2.67 3.69
  437.23   75 31.89     0.00    0  0.00  16  3 81  1.83 2.68 3.68
  421.44  116 47.91     0.00    0  0.00  14  2 84  1.83 2.68 3.68
              disk0               disk4       cpu    load average
    KB/t  tps  MB/s     KB/t  tps  MB/s  us sy id   1m   5m   15m
  176.10  192 32.96     0.00    0  0.00  17  3 81  1.83 2.68 3.68
  193.19  148 27.89     0.00    0  0.00  19  5 76  1.83 2.68 3.68
  368.07  112 40.09     0.00    0  0.00  16  4 79  1.83 2.68 3.68
  213.96  154 32.25     0.00    0  0.00  20  3 76  1.93 2.68 3.68
  339.81  145 48.25     0.00    0  0.00  16  3 82  1.93 2.68 3.68
  163.87  218 34.90     0.00    0  0.00  16  3 82  1.93 2.68 3.68
  370.62  132 47.94     0.00    0  0.00  17  3 80  1.93 2.68 3.68
  341.69   97 32.23     0.00    0  0.00  17  3 80  1.93 2.68 3.68
  378.73   88 32.45     0.00    0  0.00  14  1 85  1.85 2.65 3.66
  256.53  128 32.15     0.00    0  0.00  14  2 84  1.85 2.65 3.66
  251.18  137 33.49     0.00    0  0.00  14  2 84  1.85 2.65 3.66
  138.03  461 62.11     0.00    0  0.00  14  2 84  1.85 2.65 3.66
  222.00  149 32.37     0.00    0  0.00  14  2 84  1.85 2.65 3.66
  442.81   74 31.90     0.00    0  0.00  13  1 85  1.78 2.63 3.64
  377.38   87 31.89     0.00    0  0.00  14  1 85  1.78 2.63 3.64
  438.86  112 47.97     0.00    0  0.00  14  1 85  1.78 2.63 3.64
  386.64   85 31.99     0.00    0  0.00  14  1 85  1.78 2.63 3.64
  373.52  131 47.96     0.00    0  0.00  13  1 85  1.78 2.63 3.64
  362.46   91 32.07     0.00    0  0.00  14  1 85  1.72 2.60 3.63
  102.94  346 34.78     0.00    0  0.00  14  3 84  1.72 2.60 3.63
              disk0               disk4       cpu    load average
    KB/t  tps  MB/s     KB/t  tps  MB/s  us sy id   1m   5m   15m
  342.90  145 48.48     0.00    0  0.00  17  4 79  1.72 2.60 3.63
  368.94   89 31.96     0.00    0  0.00  16  3 81  1.72 2.60 3.63
  364.92   91 32.26     0.00    0  0.00  18  4 78  1.72 2.60 3.63
  373.90   99 36.02     0.00    0  0.00  18  4 78  1.66 2.57 3.61
  301.45  137 40.46     0.00    0  0.00  20  2 78  1.66 2.57 3.61
   50.01 1158 56.57     0.00    0  0.00  20  4 77  1.66 2.57 3.61
  361.41   91 32.07     0.00    0  0.00  16  3 81  1.66 2.57 3.61
  149.48  224 32.71     0.00    0  0.00  14  1 85  1.66 2.57 3.61
  132.05  258 33.21     0.00    0  0.00  18  5 77  1.61 2.55 3.60
  260.17  187 47.54     0.00    0  0.00  20  5 76  1.61 2.55 3.60
  230.27   97 21.73     0.00    0  0.00  19  4 77  1.61 2.55 3.60
  378.11  132 48.91     0.00    0  0.00  17  4 79  1.61 2.55 3.60
  370.59  111 40.13     0.00    0  0.00  15  3 81  1.61 2.55 3.60
  264.44  128 32.95     0.00    0  0.00  16  3 80  1.64 2.54 3.59
  435.68  113 47.88     0.00    0  0.00  25  4 71  1.64 2.54 3.59
  208.83  159 32.33     0.00    0  0.00  16  3 81  1.64 2.54 3.59
  442.81   74 31.91     0.00    0  0.00  14  2 84  1.64 2.54 3.59
   63.66  512 31.85     0.00    0  0.00  17  3 80  1.64 2.54 3.59
  236.15  261 60.20     0.00    0  0.00  20  5 75  1.59 2.51 3.57
  381.81   86 31.93     0.00    0  0.00  17  4 80  1.59 2.51 3.57
              disk0               disk4       cpu    load average
    KB/t  tps  MB/s     KB/t  tps  MB/s  us sy id   1m   5m   15m
  323.80  102 32.12     0.00    0  0.00  15  3 82  1.59 2.51 3.57
  269.58  123 32.51     0.00    0  0.00  15  3 83  1.59 2.51 3.57
  357.10  137 47.89     0.00    0  0.00  14  2 83  1.59 2.51 3.57
  360.31   91 31.91     0.00    0  0.00  15  3 82  1.54 2.49 3.56
  288.74  171 48.30     0.00    0  0.00  16  3 81  1.54 2.49 3.56
  318.31  104 32.18     0.00    0  0.00  19  4 77  1.54 2.49 3.56
  204.42  161 32.22     0.00    0  0.00  21  4 75  1.54 2.49 3.56
  200.67  165 32.41     0.00    0  0.00  16  3 81  1.54 2.49 3.56
  323.14  153 48.20     0.00    0  0.00  14  2 85  1.50 2.46 3.54
  141.86  245 33.88     0.00    0  0.00  14  2 84  1.50 2.46 3.54
  222.74  171 37.14     0.00    0  0.00  14  2 84  1.50 2.46 3.54
  123.95  387 46.88     0.00    0  0.00  25  6 69  1.50 2.46 3.54
  177.08  192 33.24     0.00    0  0.00  28  7 65  1.50 2.46 3.54
  443.03   74 31.87     0.00    0  0.00  17  4 78  1.62 2.47 3.54
  330.08  149 48.13     0.00    0  0.00  18  4 78  1.62 2.47 3.54
  260.00  129 32.72     0.00    0  0.00  19  4 77  1.62 2.47 3.54
  468.11   70 31.96     0.00    0  0.00  13  1 85  1.62 2.47 3.54
  182.07  305 54.30     0.00    0  0.00  13  1 85  1.62 2.47 3.54
  151.08  221 32.61     0.00    0  0.00  17  3 80  1.65 2.46 3.53
  300.44  109 32.11     0.00    0  0.00  19  4 77  1.65 2.46 3.53
              disk0               disk4       cpu    load average
    KB/t  tps  MB/s     KB/t  tps  MB/s  us sy id   1m   5m   15m
  244.74  144 34.53     0.00    0  0.00  17  4 80  1.65 2.46 3.53
  251.61  132 32.34     0.00    0  0.00  23  4 73  1.65 2.46 3.53
  303.41  203 60.20     0.00    0  0.00  14  2 84  1.65 2.46 3.53
  309.53  107 32.21     0.00    0  0.00  16  3 81  1.84 2.49 3.53
  437.12   75 31.88     0.00    0  0.00  18  4 78  1.84 2.49 3.53
  182.75  182 32.52     0.00    0  0.00  17  4 79  1.84 2.49 3.53
  420.89  117 47.98     0.00    0  0.00  16  3 81  1.84 2.49 3.53
  421.08   78 31.91     0.00    0  0.00  20  5 75  1.84 2.49 3.53
  254.34  116 28.72     0.00    0  0.00  13  1 86  1.77 2.46 3.52
  364.74  166 59.31     0.00    0  0.00  15  2 83  1.77 2.46 3.52
  400.49   82 31.92     0.00    0  0.00  17  4 79  1.77 2.46 3.52
  252.73  131 32.42     0.00    0  0.00  14  2 84  1.77 2.46 3.52
   43.64 1943 82.83     0.00    0  0.00  20  6 75  1.77 2.46 3.52
   33.52 2704 88.53     0.00    0  0.00  30 11 59  2.51 2.60 3.56
   55.73  650 35.39     0.00    0  0.00  18  5 77  2.51 2.60 3.56
  283.41  154 42.74     0.00    0  0.00  14  2 84  2.51 2.60 3.56
  439.79  112 48.03     0.00    0  0.00  17  3 81  2.51 2.60 3.56
  474.90   69 31.90     0.00    0  0.00  14  2 84  2.51 2.60 3.56
  365.89   91 32.38     0.00    0  0.00  15  2 83  2.55 2.61 3.56
   81.23  449 35.63     0.00    0  0.00  16  4 79  2.55 2.61 3.56
              disk0               disk4       cpu    load average
    KB/t  tps  MB/s     KB/t  tps  MB/s  us sy id   1m   5m   15m
  443.28  111 47.88     0.00    0  0.00  16  3 82  2.55 2.61 3.56
  450.60   60 26.28     0.00    0  0.00  16  4 80  2.55 2.61 3.56
  142.86  230 32.09     0.00    0  0.00  18  6 76  2.55 2.61 3.56
  362.88  167 59.29     0.00    0  0.00  18  5 77  3.06 2.72 3.59
   87.22  432 36.80     0.00    0  0.00  21  6 73  3.06 2.72 3.59
  188.27  177 32.60     0.00    0  0.00  17  4 79  3.06 2.72 3.59
  184.13  183 32.94     0.00    0  0.00  24  6 70  3.06 2.72 3.59
  204.05  262 52.16     0.00    0  0.00  17  4 80  3.06 2.72 3.59
  339.96   97 32.06     0.00    0  0.00  15  3 82  2.98 2.70 3.58
  113.84  454 50.44     0.00    0  0.00  14  2 84  2.98 2.70 3.58
  227.68  148 32.98     0.00    0  0.00  16  7 77  2.98 2.70 3.58
  130.33  319 40.64     0.00    0  0.00  22  3 75  2.98 2.70 3.58
   55.71 1416 77.01     0.00    0  0.00  25  3 71  2.98 2.70 3.58
  192.37  329 61.88     0.00    0  0.00  26  3 70  3.14 2.74 3.59
  107.64  339 35.65     0.00    0  0.00  25  3 72  3.14 2.74 3.59
   44.25  990 42.79     0.00    0  0.00  26  6 68  3.14 2.74 3.59
  396.44  154 59.59     0.00    0  0.00  17  3 79  3.14 2.74 3.59
   64.83  661 41.86     0.00    0  0.00  15  2 84  3.14 2.74 3.59
  443.68   74 31.90     0.00    0  0.00  13  1 85  2.97 2.71 3.57
  296.46  112 32.29     0.00    0  0.00  14  2 85  2.97 2.71 3.57
              disk0               disk4       cpu    load average
    KB/t  tps  MB/s     KB/t  tps  MB/s  us sy id   1m   5m   15m
  472.62  104 47.80     0.00    0  0.00  13  1 85  2.97 2.71 3.57
  384.93   82 30.70     0.00    0  0.00  14  2 85  2.97 2.71 3.57
  359.21  120 42.27     0.00    0  0.00  14  1 85  2.97 2.71 3.57
   35.85 1842 64.50     0.00    0  0.00  20  8 71  2.89 2.70 3.56
   59.67  606 35.34     0.00    0  0.00  22  8 70  2.89 2.70 3.56
  404.39   82 32.25     0.00    0  0.00  22  5 73  2.89 2.70 3.56
  254.49  129 32.18     0.00    0  0.00  22  5 72  2.89 2.70 3.56
   50.66  775 38.33     0.00    0  0.00  25  8 67  2.89 2.70 3.56
  381.80  109 40.47     0.00    0  0.00  14  2 85  2.74 2.67 3.55
  128.63  404 50.79     0.00    0  0.00  14  2 84  2.74 2.67 3.55
  350.85   94 32.07     0.00    0  0.00  13  2 85  2.74 2.67 3.55
  373.04   69 25.02     0.00    0  0.00  19  6 75  2.74 2.67 3.55
  414.51  121 48.80     0.00    0  0.00  23  5 72  2.74 2.67 3.55
  328.85  146 46.77     0.00    0  0.00  15  3 82  2.60 2.64 3.53
  404.74   81 31.95     0.00    0  0.00  14  2 84  2.60 2.64 3.53
  365.33   90 31.99     0.00    0  0.00  16  3 81  2.60 2.64 3.53
  327.13  101 32.17     0.00    0  0.00  14  2 84  2.60 2.64 3.53
  367.40  134 48.04     0.00    0  0.00  15  3 82  2.60 2.64 3.53
  353.46   93 32.04     0.00    0  0.00  14  1 85  2.47 2.62 3.52
  347.05  101 34.13     0.00    0  0.00  18  4 78  2.47 2.62 3.52
              disk0               disk4       cpu    load average
    KB/t  tps  MB/s     KB/t  tps  MB/s  us sy id   1m   5m   15m
   58.59  994 56.89     0.00    0  0.00  24  8 67  2.47 2.62 3.52
  313.00  108 32.86     0.00    0  0.00  20  4 76  2.47 2.62 3.52
  167.61  206 33.72     0.00    0  0.00  23  4 73  2.47 2.62 3.52
  378.09  132 48.64     0.00    0  0.00  15  2 83  2.35 2.59 3.50
  166.49  200 32.58     0.00    0  0.00  13  1 86  2.35 2.59 3.50
  352.38   94 32.28     0.00    0  0.00  16  4 81  2.35 2.59 3.50
  348.21  115 38.94     0.00    0  0.00  22  5 73  2.35 2.59 3.50
   81.01  571 45.14     0.00    0  0.00  21  6 74  2.35 2.59 3.50
  403.15  121 47.79     0.00    0  0.00  15  3 82  2.24 2.56 3.49
  357.61   92 32.00     0.00    0  0.00  14  2 84  2.24 2.56 3.49
   53.23  681 35.42     0.00    0  0.00  24  7 69  2.24 2.56 3.49
   93.77  365 33.46     0.00    0  0.00  16  2 82  2.24 2.56 3.49
  213.04  157 32.58     0.00    0  0.00  18  5 78  2.24 2.56 3.49
  209.30  214 43.77     0.00    0  0.00  20  4 76  2.38 2.59 3.49
  345.10  130 43.97     0.00    0  0.00  19  4 77  2.38 2.59 3.49
  241.94  137 32.44     0.00    0  0.00  28  9 63  2.38 2.59 3.49
  145.02  235 33.26     0.00    0  0.00  17  4 79  2.38 2.59 3.49
  316.50  104 32.08     0.00    0  0.00  25  4 71  2.38 2.59 3.49
  145.58  234 33.25     0.00    0  0.00  20  5 76  2.43 2.59 3.49
  110.61  440 47.54     0.00    0  0.00  19  5 76  2.43 2.59 3.49
              disk0               disk4       cpu    load average
    KB/t  tps  MB/s     KB/t  tps  MB/s  us sy id   1m   5m   15m
  307.16  123 37.04     0.00    0  0.00  20  5 75  2.43 2.59 3.49
  352.13   95 32.52     0.00    0  0.00  28  6 66  2.43 2.59 3.49
  455.61   72 31.92     0.00    0  0.00  22  5 73  2.43 2.59 3.49
  344.12  133 44.82     0.00    0  0.00  21  6 72  2.72 2.65 3.50
  244.59  136 32.37     0.00    0  0.00  22  5 73  2.72 2.65 3.50
  396.48  123 47.79     0.00    0  0.00  22  6 72  2.72 2.65 3.50
  342.46   96 31.99     0.00    0  0.00  22  5 73  2.72 2.65 3.50
  346.19   95 31.97     0.00    0  0.00  28  6 67  2.72 2.65 3.50
  361.36   91 32.00     0.00    0  0.00  22  6 72  2.66 2.64 3.49
  366.30  107 38.45     0.00    0  0.00  22  6 72  2.66 2.64 3.49
  416.81  118 47.85     0.00    0  0.00  22  5 73  2.66 2.64 3.49
  409.90   80 31.88     0.00    0  0.00  23  6 72  2.66 2.64 3.49
  405.04   81 31.92     0.00    0  0.00  21  5 74  2.66 2.64 3.49
  339.18   97 31.98     0.00    0  0.00  23  6 71  2.69 2.64 3.49
  318.74  154 48.07     0.00    0  0.00  22  5 73  2.69 2.64 3.49
  322.85   66 20.71     0.00    0  0.00  21  5 74  2.69 2.64 3.49
  149.39  417 60.91     0.00    0  0.00  21  6 73  2.69 2.64 3.49
  314.29  105 32.08     0.00    0  0.00  21  5 74  2.69 2.64 3.49
  172.75  201 33.95     0.00    0  0.00  27  5 68  2.55 2.62 3.47
  101.43  343 33.93     0.00    0  0.00  20  5 75  2.55 2.62 3.47
              disk0               disk4       cpu    load average
    KB/t  tps  MB/s     KB/t  tps  MB/s  us sy id   1m   5m   15m
  361.70   92 32.40     0.00    0  0.00  19  4 77  2.55 2.62 3.47
  260.04  193 49.05     0.00    0  0.00  19  5 76  2.55 2.62 3.47
   97.33  405 38.49     0.00    0  0.00  24  7 69  2.55 2.62 3.47
  352.60  139 48.01     0.00    0  0.00  22  5 73  2.75 2.66 3.48
  335.32  100 32.59     0.00    0  0.00  21  5 74  2.75 2.66 3.48
   44.80 4109 179.76     0.00    0  0.00  23 13 64  2.75 2.66 3.48
   47.34 1464 67.70     0.00    0  0.00  29 11 60  2.75 2.66 3.48
   73.70 1316 94.73     0.00    0  0.00  36  7 57  2.75 2.66 3.48
   81.40 2015 160.14     0.00    0  0.00  30  6 64  2.69 2.65 3.47
   77.48  771 58.35     0.00    0  0.00  30  5 65  2.69 2.65 3.47
   90.36  659 58.15     0.00    0  0.00  25  6 69  2.69 2.65 3.47
  205.61  297 59.62     0.00    0  0.00  24  6 71  2.69 2.65 3.47
  321.05  103 32.14     0.00    0  0.00  27  5 68  2.69 2.65 3.47
   40.14 1328 52.06     0.00    0  0.00  25  7 67  2.55 2.62 3.46
   75.34  514 37.79     0.00    0  0.00  29  6 66  2.55 2.62 3.46
  137.42  368 49.34     0.00    0  0.00  21  5 74  2.55 2.62 3.46
  313.28  103 31.37     0.00    0  0.00  23  5 72  2.55 2.62 3.46
  120.60  580 68.29     0.00    0  0.00  25  5 70  2.55 2.62 3.46
  390.90   84 31.92     0.00    0  0.00  20  5 75  2.59 2.62 3.46
  180.81  186 32.90     0.00    0  0.00  22  5 73  2.59 2.62 3.46
              disk0               disk4       cpu    load average
    KB/t  tps  MB/s     KB/t  tps  MB/s  us sy id   1m   5m   15m
  310.95  107 32.34     0.00    0  0.00  21  4 75  2.59 2.62 3.46
  357.45  137 48.00     0.00    0  0.00  16  2 82  2.59 2.62 3.46
  315.89  105 32.26     0.00    0  0.00  16  3 81  2.59 2.62 3.46
  354.00  112 38.56     0.00    0  0.00  16  3 82  2.46 2.60 3.44
  357.77  137 48.02     0.00    0  0.00  17  4 79  2.46 2.60 3.44
  417.16   79 32.02     0.00    0  0.00  21  6 73  2.46 2.60 3.44
   92.97  377 34.19     0.00    0  0.00  18  4 78  2.46 2.60 3.44
  373.27   88 31.96     0.00    0  0.00  19  4 76  2.46 2.60 3.44
  447.56  109 47.85     0.00    0  0.00  21  5 74  2.58 2.62 3.44
  114.86  294 32.97     0.00    0  0.00  30  7 64  2.58 2.62 3.44
  165.57  185 29.93     0.00    0  0.00  28  6 66  2.58 2.62 3.44
  114.09  851 94.80     0.00    0  0.00  22  6 71  2.58 2.62 3.44
   90.82  931 82.55     0.00    0  0.00  24  6 70  2.58 2.62 3.44
  215.50  160 33.76     0.00    0  0.00  23  6 71  2.46 2.59 3.43
  353.15   94 32.27     0.00    0  0.00  30  6 64  2.46 2.59 3.43
  411.50   80 32.03     0.00    0  0.00  22  5 73  2.46 2.59 3.43
  129.61  349 44.22     0.00    0  0.00  21  6 73  2.46 2.59 3.43
   78.96  963 74.29     0.00    0  0.00  19  7 74  2.46 2.59 3.43
   59.14 2957 170.80     0.00    0  0.00  21  7 73  2.66 2.63 3.44
   39.43  653 25.13     0.00    0  0.00  28  8 64  2.66 2.63 3.44
              disk0               disk4       cpu    load average
    KB/t  tps  MB/s     KB/t  tps  MB/s  us sy id   1m   5m   15m
    8.00    2  0.02     0.00    0  0.00  20  9 71  2.66 2.63 3.44
   59.44  938 54.43     0.00    0  0.00  21  9 70  2.66 2.63 3.44
   59.72  635 37.04     0.00    0  0.00  20 10 70  2.66 2.63 3.44
   27.02 6796 179.31     0.00    0  0.00  31 23 46  2.61 2.62 3.43
   47.72 5170 240.90     0.00    0  0.00  37 17 47  2.61 2.62 3.43
   54.29  158  8.39     0.00    0  0.00  28  8 64  2.61 2.62 3.43
    8.71   68  0.58     0.00    0  0.00  26  8 67  2.61 2.62 3.43
   11.00    8  0.09     0.00    0  0.00  19  5 75  2.61 2.62 3.43
   17.38   64  1.08     0.00    0  0.00  36  8 56  3.20 2.74 3.47
   10.09   23  0.23     0.00    0  0.00  25  5 70  3.20 2.74 3.47
   26.59   17  0.44     0.00    0  0.00  22  6 72  3.20 2.74 3.47
   19.00   16  0.30     0.00    0  0.00  21  7 72  3.20 2.74 3.47
    6.86    7  0.05     0.00    0  0.00  19 10 71  3.20 2.74 3.47
    6.08  193  1.15     0.00    0  0.00  17  8 74  3.02 2.71 3.45
   13.33    6  0.08     0.00    0  0.00  16 10 74  3.02 2.71 3.45
   56.39  902 49.66     0.00    0  0.00  19 10 71  3.02 2.71 3.45
   55.82 2456 133.85     0.00    0  0.00  18 11 71  3.02 2.71 3.45
   60.32 2224 131.01     0.00    0  0.00  19 10 72  3.02 2.71 3.45
   60.02 2296 134.60     0.00    0  0.00  17 14 69  3.10 2.73 3.46
   61.11 2100 125.31     0.00    0  0.00  33 15 52  3.10 2.73 3.46
              disk0               disk4       cpu    load average
    KB/t  tps  MB/s     KB/t  tps  MB/s  us sy id   1m   5m   15m
   59.47 1522 88.41     0.00    0  0.00  17 14 69  3.10 2.73 3.46
   60.40  496 29.23     0.00    0  0.00  16 15 69  3.10 2.73 3.46
   13.15 5463 70.16     0.00    0  0.00  17 16 67  3.10 2.73 3.46
   59.26  645 37.32     0.00    0  0.00  15 16 68  3.33 2.79 3.47
   60.47 1192 70.40     0.00    0  0.00  14 18 68  3.33 2.79 3.47
   55.46  513 27.80     0.00    0  0.00  14 21 65  3.33 2.79 3.47
    6.87   46  0.31     0.00    0  0.00  11 21 67  3.33 2.79 3.47
   58.93  885 50.94     0.00    0  0.00  15 21 64  3.33 2.79 3.47
   13.49  297  3.91     0.00    0  0.00  18 23 59  3.31 2.79 3.47
   58.29  495 28.16     0.00    0  0.00  14 21 65  3.31 2.79 3.47
   60.16 6285 369.25     0.00    0  0.00  15 17 69  3.31 2.79 3.47
   59.80  121  7.09     0.00    0  0.00  18  8 74  3.31 2.79 3.47
   59.09  337 19.46     0.00    0  0.00  19  6 75  3.31 2.79 3.47
   35.33   18  0.62     0.00    0  0.00  17  5 78  3.28 2.80 3.47
    0.00    0  0.00     0.00    0  0.00  14  4 82  3.28 2.80 3.47
    0.00    0  0.00     0.00    0  0.00  15  3 82  3.28 2.80 3.47
    7.00    4  0.03     0.00    0  0.00  14  4 82  3.28 2.80 3.47
    0.00    0  0.00     0.00    0  0.00  17  3 80  3.28 2.80 3.47
   11.86   29  0.33     0.00    0  0.00  17  4 79  3.10 2.77 3.45
   21.00    4  0.08     0.00    0  0.00  18  4 78  3.10 2.77 3.45
              disk0               disk4       cpu    load average
    KB/t  tps  MB/s     KB/t  tps  MB/s  us sy id   1m   5m   15m
   48.00    3  0.14     0.00    0  0.00  15  3 82  3.10 2.77 3.45
   16.40   10  0.16     0.00    0  0.00  15  3 82  3.10 2.77 3.45
   11.91  622  7.23     0.00    0  0.00  22  6 72  3.10 2.77 3.45
   11.36  187  2.08     0.00    0  0.00  17  3 79  3.01 2.75 3.44
   21.00    4  0.08     0.00    0  0.00  15  3 82  3.01 2.75 3.44
  492.00    1  0.48     0.00    0  0.00  15  3 82  3.01 2.75 3.44
    8.08  148  1.16     0.00    0  0.00  16  5 80  3.01 2.75 3.44
   13.68   31  0.41     0.00    0  0.00  14  4 81  3.01 2.75 3.44
    4.88  109  0.52     0.00    0  0.00  16  3 81  2.85 2.72 3.43
    4.00    1  0.00     0.00    0  0.00  15  3 82  2.85 2.72 3.43
    9.41   37  0.34     0.00    0  0.00  16  3 81  2.85 2.72 3.43
    0.00    0  0.00     0.00    0  0.00  16  2 82  2.85 2.72 3.43
    0.00    0  0.00     0.00    0  0.00  15  3 82  2.85 2.72 3.43
    8.00    6  0.05     0.00    0  0.00  16  2 82  2.70 2.69 3.41
    0.00    0  0.00     0.00    0  0.00  16  4 80  2.70 2.69 3.41
   24.00    3  0.07     0.00    0  0.00  18  4 78  2.70 2.69 3.41
    6.00   46  0.27     0.00    0  0.00  18  4 78  2.70 2.69 3.41
    0.00    0  0.00     0.00    0  0.00  18  4 78  2.70 2.69 3.41
   16.62  243  3.95     0.00    0  0.00  16  3 82  2.56 2.67 3.40
   51.25   16  0.80     0.00    0  0.00  17  4 79  2.56 2.67 3.40
              disk0               disk4       cpu    load average
    KB/t  tps  MB/s     KB/t  tps  MB/s  us sy id   1m   5m   15m
   48.00    1  0.05     0.00    0  0.00  18  3 79  2.56 2.67 3.40
   49.10   58  2.77     0.00    0  0.00  18  5 77  2.56 2.67 3.40
   27.60   20  0.54     0.00    0  0.00  15  4 80  2.56 2.67 3.40
   11.50   32  0.36     0.00    0  0.00  15  5 79  2.44 2.64 3.38
   12.42   38  0.46     0.00    0  0.00  16  6 77  2.44 2.64 3.38
   11.31   35  0.39     0.00    0  0.00  20  9 71  2.44 2.64 3.38
   26.74   19  0.49     0.00    0  0.00  19 10 71  2.44 2.64 3.38
   25.71   82  2.05     0.00    0  0.00  31 12 57  2.96 2.74 3.42
   18.24   68  1.21     0.00    0  0.00  18 10 72  2.96 2.74 3.42
   29.08   96  2.71     0.00    0  0.00  17 10 73  2.96 2.74 3.42
   80.00    2  0.16     0.00    0  0.00  20  9 71  2.96 2.74 3.42
    5.90   82  0.47     0.00    0  0.00  20 10 70  2.96 2.74 3.42
   16.00    2  0.03     0.00    0  0.00  18  9 73  3.05 2.76 3.42
   58.67 1042 59.73     0.00    0  0.00  17 12 71  3.05 2.76 3.42
   59.24 2711 156.82     0.00    0  0.00  27 13 59  3.05 2.76 3.42
   58.51 3490 199.39     0.00    0  0.00  22 14 65  3.05 2.76 3.42
   25.60 4865 121.59     0.00    0  0.00  16 13 70  3.05 2.76 3.42
   60.06 1512 88.66     0.00    0  0.00  18 11 71  3.36 2.83 3.44
   59.29  742 42.98     0.00    0  0.00  14 11 75  3.36 2.83 3.44
   58.30 2317 131.89     0.00    0  0.00  14 10 75  3.36 2.83 3.44
              disk0               disk4       cpu    load average
    KB/t  tps  MB/s     KB/t  tps  MB/s  us sy id   1m   5m   15m
   57.24 1223 68.35     0.00    0  0.00  24 15 61  3.36 2.83 3.44
   57.74 1568 88.40     0.00    0  0.00  14 14 72  3.36 2.83 3.44
   57.92 1899 107.42     0.00    0  0.00  16 13 71  3.41 2.85 3.44
   57.29 1530 85.58     0.00    0  0.00  17 13 69  3.41 2.85 3.44
   57.72  812 45.77     0.00    0  0.00  16 14 70  3.41 2.85 3.44
   57.35 1254 70.24     0.00    0  0.00  19 17 64  3.41 2.85 3.44
   52.33  803 41.04     0.00    0  0.00  16 16 68  3.41 2.85 3.44
   56.76 1503 83.31     0.00    0  0.00  24 18 58  3.38 2.86 3.44
   53.84 1620 85.15     0.00    0  0.00  16 17 66  3.38 2.86 3.44
   56.82  151  8.36     0.00    0  0.00  15 15 69  3.38 2.86 3.44
   27.45 1746 46.80     0.00    0  0.00  15 16 68  3.38 2.86 3.44
   56.25  946 51.94     0.00    0  0.00  15 17 68  3.38 2.86 3.44
   56.54  536 29.60     0.00    0  0.00  16 18 66  3.59 2.91 3.46
   52.99  485 25.09     0.00    0  0.00  14 20 66  3.59 2.91 3.46
   21.26 2745 56.99     0.00    0  0.00  16 21 62  3.59 2.91 3.46
   49.29 1755 84.47     0.00    0  0.00  15 21 65  3.59 2.91 3.46
   46.67 1808 82.37     0.00    0  0.00  13 18 69  3.59 2.91 3.46
   57.23  634 35.41     0.00    0  0.00  18 18 64  3.78 2.96 3.47
   56.36  548 30.17     0.00    0  0.00   7 15 78  3.78 2.96 3.47
   56.53 1783 98.46     0.00    0  0.00  13 21 66  3.78 2.96 3.47
              disk0               disk4       cpu    load average
    KB/t  tps  MB/s     KB/t  tps  MB/s  us sy id   1m   5m   15m
    6.50   24  0.15     0.00    0  0.00  15 21 65  3.78 2.96 3.47
    9.45   22  0.20     0.00    0  0.00  12 19 68  3.78 2.96 3.47
   15.91   44  0.68     0.00    0  0.00  12 18 70  3.96 3.01 3.48
   50.97  244 12.14     0.00    0  0.00  11 19 70  3.96 3.01 3.48
   49.58  833 40.32     0.00    0  0.00  12 22 65  3.96 3.01 3.48
   56.82 1534 85.12     0.00    0  0.00   9 22 68  3.96 3.01 3.48
   43.71  826 35.26     0.00    0  0.00   8 22 70  3.96 3.01 3.48
   18.95   19  0.35     0.00    0  0.00   7 20 73  4.12 3.06 3.50
   56.02 1937 105.98     0.00    0  0.00  21 22 57  4.12 3.06 3.50
   54.68  263 14.04     0.00    0  0.00   8 20 72  4.12 3.06 3.50
   52.84 1989 102.63     0.00    0  0.00  11 22 67  4.12 3.06 3.50
   38.31   45  1.68     0.00    0  0.00   9 20 71  4.12 3.06 3.50
   22.67   18  0.40     0.00    0  0.00  10 21 69  4.19 3.09 3.51
   41.33    9  0.36     0.00    0  0.00  14 24 62  4.19 3.09 3.51
    9.43   14  0.13     0.00    0  0.00  10 23 67  4.19 3.09 3.51
   31.00    8  0.24     0.00    0  0.00  10 23 66  4.19 3.09 3.51
    5.75  109  0.61     0.00    0  0.00   5 23 72  4.19 3.09 3.51
   54.35 1105 58.65     0.00    0  0.00  11 26 64  4.34 3.14 3.52
   22.67  649 14.37     0.00    0  0.00  12 23 65  4.34 3.14 3.52
   49.94  406 19.82     0.00    0  0.00   9 21 70  4.34 3.14 3.52
              disk0               disk4       cpu    load average
    KB/t  tps  MB/s     KB/t  tps  MB/s  us sy id   1m   5m   15m
   33.00   12  0.38     0.00    0  0.00   9 19 72  4.34 3.14 3.52
   56.57  970 53.58     0.00    0  0.00  11 24 65  4.34 3.14 3.52
    8.52   62  0.51     0.00    0  0.00   9 23 67  4.39 3.17 3.53
   16.00    1  0.02     0.00    0  0.00   8 24 67  4.39 3.17 3.53
   14.44   18  0.25     0.00    0  0.00   9 24 67  4.39 3.17 3.53
   54.86    7  0.37     0.00    0  0.00   7 24 69  4.39 3.17 3.53
   24.82  268  6.50     0.00    0  0.00  17 30 53  4.39 3.17 3.53
   16.00    4  0.06     0.00    0  0.00   7 25 68  4.28 3.17 3.53
    5.33    6  0.03     0.00    0  0.00   6 25 69  4.28 3.17 3.53
   15.72  210  3.23     0.00    0  0.00   8 26 66  4.28 3.17 3.53
   13.64   88  1.17     0.00    0  0.00  15 26 59  4.28 3.17 3.53
    5.71    7  0.04     0.00    0  0.00   3 29 67  4.28 3.17 3.53
    0.00    0  0.00     0.00    0  0.00   6 30 64  4.26 3.18 3.53
   26.97   31  0.81     0.00    0  0.00  12 31 57  4.26 3.18 3.53
   48.25 4515 212.73     0.00    0  0.00  11 28 61  4.26 3.18 3.53
   44.25 5843 252.45     0.00    0  0.00   9 20 71  4.26 3.18 3.53
   55.36 5535 299.22     0.00    0  0.00   8 24 68  4.26 3.18 3.53
   56.83 6216 344.94     0.00    0  0.00  15 21 64  4.00 3.14 3.51
   56.70 4149 229.72     0.00    0  0.00   9 19 72  4.00 3.14 3.51
   27.88 5658 154.07     0.00    0  0.00  10 13 76  4.00 3.14 3.51
              disk0               disk4       cpu    load average
    KB/t  tps  MB/s     KB/t  tps  MB/s  us sy id   1m   5m   15m
   56.28  473 26.00     0.00    0  0.00  13  7 81  4.00 3.14 3.51
   55.07  413 22.22     0.00    0  0.00  13  7 80  4.00 3.14 3.51
   56.16 2176 119.33     0.00    0  0.00  15 11 74  3.92 3.14 3.51
   56.22  365 20.06     0.00    0  0.00  15  8 77  3.92 3.14 3.51
   51.84   25  1.26     0.00    0  0.00  17  6 77  3.92 3.14 3.51
   64.00    6  0.37     0.00    0  0.00  15  5 80  3.92 3.14 3.51
   31.40  351 10.77     0.00    0  0.00  26  7 66  3.92 3.14 3.51
   22.46   13  0.28     0.00    0  0.00  19  6 75  3.84 3.14 3.51
   18.84  185  3.41     0.00    0  0.00  19  6 75  3.84 3.14 3.51
   31.91   46  1.43     0.00    0  0.00  18  6 77  3.84 3.14 3.51
   36.23  716 25.33     0.00    0  0.00  21  7 72  3.84 3.14 3.51
   18.17  331  5.88     0.00    0  0.00  16  5 79  3.84 3.14 3.51
   45.82   57  2.54     0.00    0  0.00  14  4 81  3.61 3.10 3.49
   40.07   57  2.22     0.00    0  0.00  15  4 81  3.61 3.10 3.49
   56.00    8  0.44     0.00    0  0.00  14  4 82  3.61 3.10 3.49
   56.50  255 14.07     0.00    0  0.00  13  4 82  3.61 3.10 3.49
   56.00   51  2.78     0.00    0  0.00  18  4 78  3.61 3.10 3.49
   64.00    3  0.19     0.00    0  0.00  16  5 79  3.48 3.08 3.48
   57.36  249 13.94     0.00    0  0.00  15  5 80  3.48 3.08 3.48
   56.21  112  6.13     0.00    0  0.00  18  4 78  3.48 3.08 3.48
              disk0               disk4       cpu    load average
    KB/t  tps  MB/s     KB/t  tps  MB/s  us sy id   1m   5m   15m
   53.09   81  4.18     0.00    0  0.00  18  6 76  3.48 3.08 3.48
   36.83  235  8.45     0.00    0  0.00  21  6 73  3.48 3.08 3.48
   64.00   10  0.62     0.00    0  0.00  18  4 78  3.45 3.08 3.48
   55.47   30  1.62     0.00    0  0.00  18  4 78  3.45 3.08 3.48
   59.43   14  0.81     0.00    0  0.00  20  5 75  3.45 3.08 3.48
   42.78   36  1.50     0.00    0  0.00  26  6 68  3.45 3.08 3.48
   11.17  148  1.62     0.00    0  0.00  21  6 73  3.45 3.08 3.48
   55.65   23  1.24     0.00    0  0.00  22  6 72  3.33 3.06 3.47
   37.78   18  0.66     0.00    0  0.00  21  6 73  3.33 3.06 3.47
   51.15   33  1.64     0.00    0  0.00  22  6 72  3.33 3.06 3.47
   57.90   21  1.18     0.00    0  0.00  21  4 75  3.33 3.06 3.47
   58.00   52  2.93     0.00    0  0.00  20  4 76  3.33 3.06 3.47
   42.46   26  1.07     0.00    0  0.00  20  4 76  3.22 3.05 3.46
   38.83   24  0.91     0.00    0  0.00  18  4 78  3.22 3.05 3.46
   60.69   58  3.42     0.00    0  0.00  19  4 77  3.22 3.05 3.46
   54.15   13  0.68     0.00    0  0.00  19  5 76  3.22 3.05 3.46
   11.68   99  1.12     0.00    0  0.00  26  4 70  3.22 3.05 3.46
   34.00    4  0.13     0.00    0  0.00  19  4 77  3.20 3.05 3.46
   41.10  731 29.35     0.00    0  0.00  21  6 74  3.20 3.05 3.46
   51.10 1223 61.05     0.00    0  0.00  21  5 74  3.20 3.05 3.46
              disk0               disk4       cpu    load average
    KB/t  tps  MB/s     KB/t  tps  MB/s  us sy id   1m   5m   15m
   54.86    7  0.37     0.00    0  0.00  16  3 81  3.20 3.05 3.46
   51.18   98  4.87     0.00    0  0.00  15  4 81  3.20 3.05 3.46
   43.31   75  3.16     0.00    0  0.00  17  4 79  3.27 3.06 3.46
   19.03  152  2.83     0.00    0  0.00  19  5 76  3.27 3.06 3.46
   28.33   24  0.66     0.00    0  0.00  18  5 77  3.27 3.06 3.46
   54.58   65  3.45     0.00    0  0.00  19  5 76  3.27 3.06 3.46
   57.19  147  8.23     0.00    0  0.00  26  6 68  3.27 3.06 3.46
   55.43    7  0.38     0.00    0  0.00  19  2 79  3.17 3.04 3.45
   13.24  100  1.29     0.00    0  0.00  14  2 85  3.17 3.04 3.45
  248.00    2  0.48     0.00    0  0.00  13  2 85  3.17 3.04 3.45
    6.00    8  0.05     0.00    0  0.00  13  1 85  3.17 3.04 3.45
    0.00    0  0.00     0.00    0  0.00  13  1 86  3.17 3.04 3.45
   33.88   17  0.56     0.00    0  0.00  13  5 82  2.99 3.01 3.44
   10.67   12  0.12     0.00    0  0.00  12  5 83  2.99 3.01 3.44
    0.00    0  0.00     0.00    0  0.00  13  1 86  2.99 3.01 3.44
    8.97  164  1.44     0.00    0  0.00  13  2 85  2.99 3.01 3.44
    0.00    0  0.00     0.00    0  0.00  13  1 86  2.99 3.01 3.44
   64.00    1  0.06     0.00    0  0.00  13  2 85  2.91 2.99 3.43
   64.00    1  0.06     0.00    0  0.00  14  3 83  2.91 2.99 3.43
   48.00    4  0.19     0.00    0  0.00  14  2 84  2.91 2.99 3.43
              disk0               disk4       cpu    load average
    KB/t  tps  MB/s     KB/t  tps  MB/s  us sy id   1m   5m   15m
   25.20   20  0.49     0.00    0  0.00  13  1 85  2.91 2.99 3.43
   16.00    6  0.09     0.00    0  0.00  13  1 85  2.91 2.99 3.43
   46.55   99  4.48     0.00    0  0.00  13  1 86  2.76 2.96 3.42
    0.00    0  0.00     0.00    0  0.00  13  1 86  2.76 2.96 3.42
    0.00    0  0.00     0.00    0  0.00  13  1 86  2.76 2.96 3.42
    0.00    0  0.00     0.00    0  0.00  13  2 86  2.76 2.96 3.42
   27.87   61  1.65     0.00    0  0.00  16  4 80  2.76 2.96 3.42
   38.71   31  1.17     0.00    0  0.00  17  2 81  2.62 2.93 3.40
   12.00  181  2.13     0.00    0  0.00  15  3 82  2.62 2.93 3.40
   23.14   42  0.94     0.00    0  0.00  15  3 82  2.62 2.93 3.40
   11.50   48  0.54     0.00    0  0.00  15  2 82  2.62 2.93 3.40
   64.00    1  0.06     0.00    0  0.00  15  2 83  2.62 2.93 3.40
   19.09   53  0.98     0.00    0  0.00  16  3 82  2.57 2.91 3.39
   35.20   15  0.51     0.00    0  0.00  15  2 82  2.57 2.91 3.39
   46.74   19  0.86     0.00    0  0.00  15  2 82  2.57 2.91 3.39
   35.96   93  3.26     0.00    0  0.00  17  4 79  2.57 2.91 3.39
    6.63   67  0.43     0.00    0  0.00  17  3 80  2.57 2.91 3.39
   35.25   16  0.55     0.00    0  0.00  20  4 76  2.52 2.90 3.39
    8.47   17  0.14     0.00    0  0.00  19  4 77  2.52 2.90 3.39
   11.73   15  0.17     0.00    0  0.00  19  5 76  2.52 2.90 3.39
              disk0               disk4       cpu    load average
    KB/t  tps  MB/s     KB/t  tps  MB/s  us sy id   1m   5m   15m
   46.94  102  4.65     0.00    0  0.00  17 15 68  2.52 2.90 3.39
   24.45   44  1.05     0.00    0  0.00  17 10 74  2.52 2.90 3.39
    9.25   51  0.46     0.00    0  0.00  18  6 76  2.80 2.95 3.40
   28.80   10  0.28     0.00    0  0.00  18  6 76  2.80 2.95 3.40
   32.00    2  0.06     0.00    0  0.00  19  5 76  2.80 2.95 3.40
   30.22    9  0.26     0.00    0  0.00  18  4 78  2.80 2.95 3.40
   14.16  686  9.49     0.00    0  0.00  25  5 70  2.80 2.95 3.40
   64.00    2  0.12     0.00    0  0.00  20  5 74  2.82 2.95 3.40
    0.00    0  0.00     0.00    0  0.00  21  5 74  2.82 2.95 3.40
   18.07  148  2.62     0.00    0  0.00  20  5 75  2.82 2.95 3.40
   46.00    6  0.27     0.00    0  0.00  20  4 77  2.82 2.95 3.40
   34.00    2  0.07     0.00    0  0.00  20  4 76  2.82 2.95 3.40
   48.00    3  0.14     0.00    0  0.00  25  5 70  2.67 2.91 3.38
   17.65   17  0.29     0.00    0  0.00  20  4 76  2.67 2.91 3.38
   38.40    5  0.19     0.00    0  0.00  20  5 76  2.67 2.91 3.38
   29.00    4  0.11     0.00    0  0.00  19  5 76  2.67 2.91 3.38
   40.92   13  0.52     0.00    0  0.00  21  6 73  2.67 2.91 3.38
   21.88   83  1.77     0.00    0  0.00  22  6 72  2.62 2.90 3.38
    7.30  137  0.98     0.00    0  0.00  22  6 73  2.62 2.90 3.38
   16.00    9  0.14     0.00    0  0.00  26  5 69  2.62 2.90 3.38
              disk0               disk4       cpu    load average
    KB/t  tps  MB/s     KB/t  tps  MB/s  us sy id   1m   5m   15m
   24.00    3  0.07     0.00    0  0.00  20  4 75  2.62 2.90 3.38
   45.33   30  1.32     0.00    0  0.00  21  6 74  2.62 2.90 3.38
   33.99 1732 57.48     0.00    0  0.00  24  7 69  2.65 2.90 3.37
   20.67   12  0.24     0.00    0  0.00  21  5 74  2.65 2.90 3.37
    9.14   21  0.19     0.00    0  0.00  22  5 73  2.65 2.90 3.37
   20.30   27  0.53     0.00    0  0.00  18  4 78  2.65 2.90 3.37
   10.61   23  0.24     0.00    0  0.00  19  4 77  2.65 2.90 3.37
   50.22    9  0.44     0.00    0  0.00  19  5 77  2.76 2.92 3.38
   58.53   30  1.71     0.00    0  0.00  22  6 72  2.76 2.92 3.38
   55.01  511 27.43     0.00    0  0.00  25  5 71  2.76 2.92 3.38
   56.67   36  1.99     0.00    0  0.00  18  3 80  2.76 2.92 3.38
   27.55  169  4.55     0.00    0  0.00  21  4 75  2.76 2.92 3.38
   56.62   26  1.44     0.00    0  0.00  19  4 77  2.85 2.94 3.38
