---------NEW-TRIAL----------
              disk0               disk4       cpu    load average
    KB/t  tps  MB/s     KB/t  tps  MB/s  us sy id   1m   5m   15m
   16.60  372  6.04     8.60    0  0.00  15  5 79  5.08 6.11 5.33
    5.04 5225 25.70     0.00    0  0.00  24 14 62  5.08 6.11 5.33
    4.08 2804 11.16     0.00    0  0.00  33 14 53  5.08 6.11 5.33
    4.95 5116 24.72     0.00    0  0.00  25 10 65  5.08 6.09 5.33
    4.03 3861 15.20     0.00    0  0.00  25  9 66  5.08 6.09 5.33
   20.30 1496 29.66     0.00    0  0.00  26  9 65  5.08 6.09 5.33
    9.35 6091 55.59     0.00    0  0.00  22 11 67  5.08 6.09 5.33
   11.09 6941 75.16     0.00    0  0.00  25 14 61  5.08 6.09 5.33
    9.82 6055 58.09     0.00    0  0.00  22 11 66  5.55 6.17 5.36
    8.82 6708 57.77     0.00    0  0.00  24 12 64  5.55 6.17 5.36
    9.74 6916 65.81     0.00    0  0.00  25 11 65  5.55 6.17 5.36
    7.70 8803 66.18     0.00    0  0.00  20 10 70  5.55 6.17 5.36
   10.55 4954 51.06     0.00    0  0.00  31 13 56  5.55 6.17 5.36
   11.25 6362 69.92     0.00    0  0.00  24 12 64  5.67 6.19 5.37
    8.32 7505 60.96     0.00    0  0.00  27 13 59  5.67 6.19 5.37
   12.56 3885 47.66     0.00    0  0.00  26 10 63  5.67 6.19 5.37
   14.26 3158 43.98     0.00    0  0.00  23  8 68  5.67 6.19 5.37
   15.79 4124 63.57     0.00    0  0.00  25  9 66  5.67 6.19 5.37
    8.10 6465 51.14     0.00    0  0.00  35 12 53  5.61 6.17 5.37
   11.97 5529 64.63     0.00    0  0.00  30 16 54  5.61 6.17 5.37
              disk0               disk4       cpu    load average
    KB/t  tps  MB/s     KB/t  tps  MB/s  us sy id   1m   5m   15m
    8.85 6672 57.69     0.00    0  0.00  30 13 57  5.61 6.17 5.37
    8.70 6891 58.56     0.00    0  0.00  26 12 61  5.61 6.17 5.37
    8.53 7140 59.49     0.00    0  0.00  27 13 60  5.61 6.17 5.37
   11.82 6437 74.28     0.00    0  0.00  34 12 54  6.12 6.26 5.40
   24.97 4541 110.75     0.00    0  0.00  42 17 41  6.12 6.26 5.40
   10.77 6401 67.32     0.00    0  0.00  28 14 58  6.12 6.26 5.40
   12.06 6155 72.49     0.00    0  0.00  29 14 57  6.12 6.26 5.40
    9.80 5599 53.60     0.00    0  0.00  35 13 51  6.12 6.26 5.40
   22.39 1938 42.38     0.00    0  0.00  25  9 66  6.35 6.31 5.43
   19.38 2134 40.40     0.00    0  0.00  26 10 64  6.35 6.31 5.43
   30.76 1817 54.60     0.00    0  0.00  27 10 64  6.35 6.31 5.43
   36.66  995 35.63     0.00    0  0.00  24  8 68  6.35 6.31 5.43
   22.37 1815 39.65     0.00    0  0.00  24  9 67  6.35 6.31 5.43
   22.12 2240 48.38     0.00    0  0.00  26 10 64  6.17 6.27 5.42
   20.42 1971 39.31     0.00    0  0.00  31  9 60  6.17 6.27 5.42
   28.91 1955 55.21     0.00    0  0.00  26 11 63  6.17 6.27 5.42
   35.14 1111 38.13     0.00    0  0.00  25  9 67  6.17 6.27 5.42
    8.84 6943 59.94     0.00    0  0.00  29 13 59  6.17 6.27 5.42
   10.41 5254 53.43     0.00    0  0.00  33 13 54  5.99 6.23 5.41
    9.34 6292 57.39     0.00    0  0.00  26 13 61  5.99 6.23 5.41
              disk0               disk4       cpu    load average
    KB/t  tps  MB/s     KB/t  tps  MB/s  us sy id   1m   5m   15m
    8.78 6934 59.46     0.00    0  0.00  25 13 63  5.99 6.23 5.41
   11.22 6763 74.11     0.00    0  0.00  27 11 62  5.99 6.23 5.41
    5.92 7517 43.47     0.00    0  0.00  24 12 64  5.99 6.23 5.41
    6.08 9524 56.52     0.00    0  0.00  31 12 57  5.75 6.18 5.39
    8.02 6719 52.62     0.00    0  0.00  29 13 58  5.75 6.18 5.39
    5.21 9432 48.02     0.00    0  0.00  26 13 61  5.75 6.18 5.39
    6.27 9008 55.18     0.00    0  0.00  27 13 61  5.75 6.18 5.39
    5.67 8362 46.28     0.00    0  0.00  27 11 61  5.75 6.18 5.39
    5.32 10261 53.35     0.00    0  0.00  32 11 58  5.45 6.11 5.37
    6.84 7564 50.51     0.00    0  0.00  27 12 61  5.45 6.11 5.37
    5.77 8097 45.59     0.00    0  0.00  27 14 59  5.45 6.11 5.37
    5.75 11838 66.49     0.00    0  0.00  26 13 61  5.45 6.11 5.37
    4.91 8408 40.34     0.00    0  0.00  34 12 54  5.45 6.11 5.37
    4.87 11449 54.40     0.00    0  0.00  23 11 66  5.49 6.11 5.38
    4.80 10857 50.87     0.00    0  0.00  22 11 67  5.49 6.11 5.38
    6.20 7963 48.18     0.00    0  0.00  26 15 60  5.49 6.11 5.38
    4.56 9340 41.64     0.00    0  0.00  27 13 60  5.49 6.11 5.38
    4.40 12895 55.43     0.00    0  0.00  23 11 66  5.49 6.11 5.38
    6.60 5266 33.94     0.00    0  0.00  30  9 60  5.45 6.09 5.38
    4.63 10409 47.07     0.00    0  0.00  19  8 73  5.45 6.09 5.38
              disk0               disk4       cpu    load average
    KB/t  tps  MB/s     KB/t  tps  MB/s  us sy id   1m   5m   15m
    7.01 5248 35.95     0.00    0  0.00  26  9 65  5.45 6.09 5.38
    7.82 4434 33.86     0.00    0  0.00  26 11 63  5.45 6.09 5.38
    4.56 5754 25.62     0.00    0  0.00  22  9 69  5.45 6.09 5.38
    5.08 7033 34.90     0.00    0  0.00  21  9 71  5.26 6.04 5.36
    4.61 7892 35.50     0.00    0  0.00  26  9 65  5.26 6.04 5.36
    4.76 4361 20.25     0.00    0  0.00  25  8 66  5.26 6.04 5.36
    8.32 4827 39.20     0.00    0  0.00  23 12 65  5.26 6.04 5.36
   10.34 7379 74.53     0.00    0  0.00  26 12 62  5.26 6.04 5.36
   10.07 5561 54.69     0.00    0  0.00  26 13 60  5.16 6.00 5.35
    9.81 5565 53.31     0.00    0  0.00  28 15 58  5.16 6.00 5.35
    8.30 7515 60.94     0.00    0  0.00  26 12 62  5.16 6.00 5.35
    8.69 6901 58.58     0.00    0  0.00  31 13 57  5.16 6.00 5.35
    9.87 5523 53.23     0.00    0  0.00  33 14 53  5.16 6.00 5.35
    9.16 6291 56.30     0.00    0  0.00  27 13 60  4.98 5.95 5.34
   11.13 6875 74.72     0.00    0  0.00  27 13 60  4.98 5.95 5.34
    7.99 8109 63.27     0.00    0  0.00  26 12 62  4.98 5.95 5.34
   22.25 1867 40.58     0.00    0  0.00  33 10 57  4.98 5.95 5.34
   10.65 7311 76.05     0.00    0  0.00  28 13 59  4.98 5.95 5.34
    9.39 6006 55.06     0.00    0  0.00  27 13 60  4.74 5.89 5.32
   10.01 5380 52.62     0.00    0  0.00  27 13 60  4.74 5.89 5.32
              disk0               disk4       cpu    load average
    KB/t  tps  MB/s     KB/t  tps  MB/s  us sy id   1m   5m   15m
    6.74 7816 51.46     0.00    0  0.00  26 12 63  4.74 5.89 5.32
   12.82 6816 85.32     0.00    0  0.00  24 12 64  4.74 5.89 5.32
   10.07 5333 52.46     0.00    0  0.00  34 13 53  4.74 5.89 5.32
   11.01 4616 49.65     0.00    0  0.00  27 13 60  4.60 5.84 5.30
    9.29 6127 55.61     0.00    0  0.00  27 13 60  4.60 5.84 5.30
    8.85 6696 57.86     0.00    0  0.00  26 11 62  4.60 5.84 5.30
   16.94 2569 42.50     0.00    0  0.00  24  9 67  4.60 5.84 5.30
   25.34 1689 41.80     0.00    0  0.00  26 10 64  4.60 5.84 5.30
   35.05 1306 44.71     0.00    0  0.00  26  9 65  4.64 5.82 5.30
   18.84 2179 40.08     0.00    0  0.00  24  8 68  4.64 5.82 5.30
   39.64  909 35.18     0.00    0  0.00  30  9 61  4.64 5.82 5.30
   23.12 2251 50.84     0.00    0  0.00  25  9 67  4.64 5.82 5.30
   25.54 1633 40.73     0.00    0  0.00  29 12 59  4.64 5.82 5.30
   35.60 1247 43.37     0.00    0  0.00  26 11 63  4.82 5.84 5.31
    4.01 8750 34.25     0.00    0  0.00  22 10 68  4.82 5.84 5.31
   30.51 1656 49.36     0.00    0  0.00  24  9 67  4.82 5.84 5.31
   29.89 1297 37.86     0.00    0  0.00  24  9 67  4.82 5.84 5.31
   17.79 3668 63.73     0.00    0  0.00  34 12 55  4.82 5.84 5.31
    9.78 5614 53.60     0.00    0  0.00  28 13 59  4.76 5.81 5.30
   10.90 4691 49.91     0.00    0  0.00  26 13 61  4.76 5.81 5.30
              disk0               disk4       cpu    load average
    KB/t  tps  MB/s     KB/t  tps  MB/s  us sy id   1m   5m   15m
    9.40 6001 55.09     0.00    0  0.00  26 11 63  4.76 5.81 5.30
    8.44 5546 45.69     0.00    0  0.00  25 12 64  4.76 5.81 5.30
    5.27 9803 50.47     0.00    0  0.00  26 12 62  4.76 5.81 5.30
    4.26 11760 48.98     0.00    0  0.00  31 11 59  4.62 5.77 5.29
    5.17 7517 37.94     0.00    0  0.00  24 14 62  4.62 5.77 5.29
    4.46 9646 42.01     0.00    0  0.00  20 11 69  4.62 5.77 5.29
    4.71 11906 54.79     0.00    0  0.00  23 11 66  4.62 5.77 5.29
    4.01 9231 36.16     0.00    0  0.00  24 11 65  4.62 5.77 5.29
    5.03 8418 41.35     0.00    0  0.00  21  7 73  4.33 5.69 5.27
    4.24 9167 37.93     0.00    0  0.00  19  6 75  4.33 5.69 5.27
    4.43 4942 21.36     0.00    0  0.00  18  6 76  4.33 5.69 5.27
    5.49 8244 44.21     0.00    0  0.00  21  7 72  4.33 5.69 5.27
    4.89 8695 41.49     0.00    0  0.00  19  8 74  4.33 5.69 5.27
    6.86 5073 33.97     0.00    0  0.00  23  8 69  4.14 5.62 5.25
   10.86 4499 47.72     0.00    0  0.00  19  8 72  4.14 5.62 5.25
    5.01 6102 29.87     0.00    0  0.00  18  6 76  4.14 5.62 5.25
   11.62 4225 47.95     0.00    0  0.00  22  6 72  4.14 5.62 5.25
    5.10 7056 35.15     0.00    0  0.00  22  8 70  4.14 5.62 5.25
   11.79 3695 42.56     0.00    0  0.00  33 10 58  4.45 5.66 5.26
    5.62 5524 30.31     0.00    0  0.00  25 16 60  4.45 5.66 5.26
              disk0               disk4       cpu    load average
    KB/t  tps  MB/s     KB/t  tps  MB/s  us sy id   1m   5m   15m
    8.36  929  7.59     0.00    0  0.00  25 11 64  4.45 5.66 5.26
