---------NEW-TRIAL----------
              disk0               disk4       cpu    load average
    KB/t  tps  MB/s     KB/t  tps  MB/s  us sy id   1m   5m   15m
   17.02  349  5.80     8.60    0  0.00  15  5 79  1.72 3.45 3.83
    7.21 1183  8.32     0.00    0  0.00  16  4 80  1.82 3.44 3.83
   74.00    2  0.14     0.00    0  0.00  25  5 70  1.82 3.44 3.83
    8.92 2098 18.28     0.00    0  0.00  20  5 75  1.82 3.44 3.83
   11.58 3280 37.11     0.00    0  0.00  14  2 84  1.82 3.44 3.83
  155.35  336 51.03     0.00    0  0.00  14  2 84  1.82 3.44 3.83
  131.94  196 25.19     0.00    0  0.00  14  2 84  1.76 3.40 3.81
  153.44  266 39.84     0.00    0  0.00  16  4 80  1.76 3.40 3.81
  120.14  303 35.52     0.00    0  0.00  20  5 75  1.76 3.40 3.81
  148.89  221 32.09     0.00    0  0.00  16  3 81  1.76 3.40 3.81
  125.07  436 53.20     0.00    0  0.00  20  4 75  1.76 3.40 3.81
  107.44  241 25.30     0.00    0  0.00  23  6 72  1.85 3.40 3.80
  119.59  275 32.09     0.00    0  0.00  23  4 72  1.85 3.40 3.80
  213.56  251 52.32     0.00    0  0.00  16  3 81  1.85 3.40 3.80
  348.60   94 31.91     0.00    0  0.00  14  1 85  1.85 3.40 3.80
  334.87   71 23.18     0.00    0  0.00  14  1 85  1.85 3.40 3.80
  133.82  389 50.89     0.00    0  0.00  13  1 85  1.95 3.39 3.80
  135.38  221 29.20     0.00    0  0.00  14  3 83  1.95 3.39 3.80
   78.93  449 34.57     0.00    0  0.00  14  2 84  1.95 3.39 3.80
  128.47  406 50.92     0.00    0  0.00  14  1 85  1.95 3.39 3.80
              disk0               disk4       cpu    load average
    KB/t  tps  MB/s     KB/t  tps  MB/s  us sy id   1m   5m   15m
  130.24  242 30.77     0.00    0  0.00  15  2 84  1.95 3.39 3.80
  102.38  315 31.48     0.00    0  0.00  16  2 82  1.87 3.35 3.78
  124.34  387 47.02     0.00    0  0.00  16  2 82  1.87 3.35 3.78
  148.61  274 39.81     0.00    0  0.00  14  1 85  1.87 3.35 3.78
  144.16  175 24.66     0.00    0  0.00  14  1 84  1.87 3.35 3.78
  141.46  370 51.15     0.00    0  0.00  13  1 86  1.87 3.35 3.78
  130.55  190 24.25     0.00    0  0.00  13  1 85  1.80 3.31 3.77
  155.49  302 45.86     0.00    0  0.00  13  1 85  1.80 3.31 3.77
  140.24  236 32.30     0.00    0  0.00  14  1 85  1.80 3.31 3.77
  104.65  477 48.73     0.00    0  0.00  14  1 85  1.80 3.31 3.77
  131.64  276 35.44     0.00    0  0.00  14  1 85  1.80 3.31 3.77
  112.47  295 32.41     0.00    0  0.00  20  5 75  1.82 3.29 3.76
  123.23  290 34.89     0.00    0  0.00  27  6 67  1.82 3.29 3.76
  147.56  198 28.54     0.00    0  0.00  19  4 76  1.82 3.29 3.76
  147.31  306 43.97     0.00    0  0.00  15  3 82  1.82 3.29 3.76
  158.42  230 35.65     0.00    0  0.00  17  4 79  1.82 3.29 3.76
  141.22  342 47.11     0.00    0  0.00  15  2 82  1.75 3.25 3.74
  171.31  209 34.99     0.00    0  0.00  13  1 85  1.75 3.25 3.74
  157.98  195 30.10     0.00    0  0.00  13  1 86  1.75 3.25 3.74
  133.86  265 34.63     0.00    0  0.00  14  1 85  1.75 3.25 3.74
              disk0               disk4       cpu    load average
    KB/t  tps  MB/s     KB/t  tps  MB/s  us sy id   1m   5m   15m
  136.40  257 34.25     0.00    0  0.00  13  1 85  1.75 3.25 3.74
  137.45  297 39.84     0.00    0  0.00  13  1 86  1.69 3.21 3.72
  171.69  208 34.79     0.00    0  0.00  13  2 85  1.69 3.21 3.72
  136.57  299 39.86     0.00    0  0.00  14  1 85  1.69 3.21 3.72
  152.01  334 49.52     0.00    0  0.00  14  1 85  1.69 3.21 3.72
  135.32  221 29.24     0.00    0  0.00  13  1 86  1.69 3.21 3.72
  120.59  298 35.08     0.00    0  0.00  13  1 85  1.63 3.18 3.71
  126.81  268 33.13     0.00    0  0.00  13  1 85  1.63 3.18 3.71
   94.26  521 47.94     0.00    0  0.00  14  2 85  1.63 3.18 3.71
  176.33  232 39.97     0.00    0  0.00  13  1 86  1.63 3.18 3.71
  151.47  216 31.98     0.00    0  0.00  14  1 84  1.63 3.18 3.71
  125.67  371 45.55     0.00    0  0.00  14  1 85  1.58 3.14 3.69
  133.10  243 31.62     0.00    0  0.00  13  1 85  1.58 3.14 3.69
  158.52  215 33.35     0.00    0  0.00  14  1 85  1.58 3.14 3.69
  289.19  180 50.87     0.00    0  0.00  13  1 86  1.58 3.14 3.69
  135.87  149 19.83     0.00    0  0.00  13  1 86  1.58 3.14 3.69
  134.92  333 43.83     0.00    0  0.00  14  1 85  1.54 3.10 3.67
   75.93  164 12.18     0.00    0  0.00  14  1 85  1.54 3.10 3.67
  439.14   14  5.98     0.00    0  0.00  14  1 85  1.54 3.10 3.67
    4.81  108  0.51     0.00    0  0.00  17  3 81  1.54 3.10 3.67
              disk0               disk4       cpu    load average
    KB/t  tps  MB/s     KB/t  tps  MB/s  us sy id   1m   5m   15m
   44.50  111  4.81     0.00    0  0.00  16  2 83  1.54 3.10 3.67
