---------NEW-TRIAL----------
              disk0               disk4       cpu    load average
    KB/t  tps  MB/s     KB/t  tps  MB/s  us sy id   1m   5m   15m
   16.71  344  5.62     8.60    0  0.00  15  5 79  2.51 2.41 2.91
   23.67  108  2.49     0.00    0  0.00  17  4 79  2.51 2.41 2.91
   74.00    2  0.14     0.00    0  0.00  22  5 73  2.51 2.41 2.91
    8.49   41  0.34     0.00    0  0.00  20  5 75  2.39 2.39 2.90
   10.00   20  0.19     0.00    0  0.00  21  5 75  2.39 2.39 2.90
   10.00    4  0.04     0.00    0  0.00  15  2 83  2.39 2.39 2.90
    0.00    0  0.00     0.00    0  0.00  14  1 85  2.39 2.39 2.90
   15.20    5  0.07     0.00    0  0.00  14  1 85  2.39 2.39 2.90
  223.58   19  4.15     0.00    0  0.00  14  1 85  2.27 2.37 2.89
