---------NEW-TRIAL----------
              disk0               disk4       cpu    load average
    KB/t  tps  MB/s     KB/t  tps  MB/s  us sy id   1m   5m   15m
   13.78  277  3.72     8.60    0  0.00  15  5 80  4.49 8.56 9.15
   19.38 2048 38.76     0.00    0  0.00  14 12 74  4.53 8.50 9.13
    4.69  573  2.62     0.00    0  0.00  23  9 67  4.53 8.50 9.13
    4.04 5020 19.80     0.00    0  0.00  25 14 61  4.53 8.50 9.13
    5.95 7998 46.50     0.00    0  0.00  21 11 68  4.53 8.50 9.13
    4.57 10334 46.12     0.00    0  0.00  22  9 70  4.53 8.50 9.13
    4.97 10794 52.42     0.00    0  0.00  23 13 64  4.17 8.36 9.07
    4.70 8311 38.11     0.00    0  0.00  23 13 63  4.17 8.36 9.07
    4.74 11158 51.63     0.00    0  0.00  18 12 70  4.17 8.36 9.07
    4.58 6726 30.07     0.00    0  0.00  23 12 65  4.17 8.36 9.07
    5.11 9953 49.67     0.00    0  0.00  16 11 73  4.17 8.36 9.07
    4.93 7148 34.40     0.00    0  0.00  29 15 56  4.07 8.27 9.04
    4.86 11674 55.38     0.00    0  0.00  23 12 65  4.07 8.27 9.04
    4.67 5764 26.30     0.00    0  0.00  28 12 61  4.07 8.27 9.04
    5.96 10443 60.79     0.00    0  0.00  20 11 70  4.07 8.27 9.04
    5.46 7997 42.61     0.00    0  0.00  17 12 71  4.07 8.27 9.04
    5.05 8198 40.40     0.00    0  0.00  18 12 70  3.99 8.18 9.00
    4.89 8225 39.29     0.00    0  0.00  18 10 72  3.99 8.18 9.00
    4.98 10183 49.52     0.00    0  0.00  16 10 73  3.99 8.18 9.00
    4.60 7767 34.89     0.00    0  0.00  22 13 65  3.99 8.18 9.00
              disk0               disk4       cpu    load average
    KB/t  tps  MB/s     KB/t  tps  MB/s  us sy id   1m   5m   15m
    5.08 10532 52.22     0.00    0  0.00  19 10 71  3.99 8.18 9.00
    4.87 7100 33.74     0.00    0  0.00  19 13 68  3.91 8.09 8.97
    4.78 9419 43.95     0.00    0  0.00  17 12 72  3.91 8.09 8.97
   12.50 5298 64.69     0.00    0  0.00  20 12 69  3.91 8.09 8.97
   17.00 1273 21.14     0.00    0  0.00  20 11 69  3.91 8.09 8.97
   11.61 4263 48.33     0.00    0  0.00  17  6 77  3.91 8.09 8.97
   17.99 2312 40.63     0.00    0  0.00  18  8 74  3.83 8.01 8.93
   29.77  629 18.30     0.00    0  0.00  18  8 74  3.83 8.01 8.93
   27.65 1366 36.89     0.00    0  0.00  17  8 75  3.83 8.01 8.93
   21.73 1824 38.70     0.00    0  0.00  19 10 70  3.83 8.01 8.93
   16.94 2508 41.49     0.00    0  0.00  20  7 73  3.83 8.01 8.93
   16.44 1636 26.26     0.00    0  0.00  18  8 74  3.69 7.91 8.89
   18.77 3049 55.90     0.00    0  0.00  19  8 73  3.69 7.91 8.89
    6.24 7275 44.33     0.00    0  0.00  20  9 71  3.69 7.91 8.89
    9.93 5471 53.08     0.00    0  0.00  21 13 67  3.69 7.91 8.89
    9.01 6472 56.96     0.00    0  0.00  20 12 68  3.69 7.91 8.89
    9.89 6664 64.37     0.00    0  0.00  22 12 65  3.71 7.84 8.86
    8.24 7651 61.54     0.00    0  0.00  19 10 70  3.71 7.84 8.86
    9.36 6175 56.45     0.00    0  0.00  20 14 67  3.71 7.84 8.86
    7.18 5103 35.76     0.00    0  0.00  19 13 68  3.71 7.84 8.86
              disk0               disk4       cpu    load average
    KB/t  tps  MB/s     KB/t  tps  MB/s  us sy id   1m   5m   15m
   12.30 5076 60.96     0.00    0  0.00  21 14 65  3.81 7.80 8.84
    8.43 7312 60.20     0.00    0  0.00  20 11 70  3.81 7.80 8.84
    7.52 4588 33.71     0.00    0  0.00  18  9 73  3.81 7.80 8.84
   14.08 2110 29.01     0.00    0  0.00  18  8 75  3.81 7.80 8.84
   26.34 1964 50.51     0.00    0  0.00  22  8 70  3.81 7.80 8.84
   20.04 2018 39.48     0.00    0  0.00  19 10 71  3.67 7.70 8.80
   15.33 4098 61.34     0.00    0  0.00  19  9 72  3.67 7.70 8.80
    7.36 4819 34.66     0.00    0  0.00  18  9 73  3.67 7.70 8.80
    8.19 7740 61.91     0.00    0  0.00  18 10 72  3.67 7.70 8.80
   11.11 4542 49.27     0.00    0  0.00  20 12 68  3.67 7.70 8.80
    8.32 7530 61.17     0.00    0  0.00  25 14 60  3.78 7.66 8.78
    6.46 6581 41.50     0.00    0  0.00  24 11 65  3.78 7.66 8.78
    7.13 8382 58.39     0.00    0  0.00  19 10 71  3.78 7.66 8.78
    4.94 9711 46.80     0.00    0  0.00  17 11 72  3.78 7.66 8.78
    5.13 9965 49.91     0.00    0  0.00  19 11 70  3.78 7.66 8.78
    4.64 10687 48.38     0.00    0  0.00  19 11 70  3.55 7.54 8.73
    4.49 11445 50.14     0.00    0  0.00  21 11 68  3.55 7.54 8.73
    5.05 6544 32.25     0.00    0  0.00  16  7 77  3.55 7.54 8.73
    5.24 6667 34.14     0.00    0  0.00  15  7 79  3.55 7.54 8.73
    4.82 4392 20.67     0.00    0  0.00  16  7 77  3.55 7.54 8.73
              disk0               disk4       cpu    load average
    KB/t  tps  MB/s     KB/t  tps  MB/s  us sy id   1m   5m   15m
    5.54 7437 40.21     0.00    0  0.00  15  7 78  3.51 7.47 8.70
    4.67 4074 18.57     0.00    0  0.00  21  9 69  3.51 7.47 8.70
   13.32 4352 56.61     0.00    0  0.00  17  7 75  3.51 7.47 8.70
    8.50 7188 59.68     0.00    0  0.00  29  9 62  3.51 7.47 8.70
    9.22 6253 56.30     0.00    0  0.00  19 11 69  3.51 7.47 8.70
    6.71 5977 39.14     0.00    0  0.00  20 11 69  3.79 7.46 8.69
    8.16 7801 62.17     0.00    0  0.00  22 13 65  3.79 7.46 8.69
    8.95 6552 57.26     0.00    0  0.00  22 11 67  3.79 7.46 8.69
    9.50 5894 54.69     0.00    0  0.00  19 11 70  3.79 7.46 8.69
    8.30 3776 30.60     0.00    0  0.00  19 14 67  3.79 7.46 8.69
    8.88 6362 55.15     0.00    0  0.00  19 11 70  3.72 7.39 8.65
    8.58 7066 59.21     0.00    0  0.00  21 13 66  3.72 7.39 8.65
   12.36 3932 47.47     0.00    0  0.00  18  8 74  3.72 7.39 8.65
   23.47 1659 38.02     0.00    0  0.00  17  7 76  3.72 7.39 8.65
   10.72 2414 25.27     0.00    0  0.00  17  7 76  3.72 7.39 8.65
   16.51 2588 41.73     0.00    0  0.00  16  7 77  3.59 7.30 8.61
   15.31 2991 44.72     0.00    0  0.00  20 10 70  3.59 7.30 8.61
   14.88 1589 23.09     0.00    0  0.00  20  8 72  3.59 7.30 8.61
   21.73 1950 41.37     0.00    0  0.00  17  7 76  3.59 7.30 8.61
   48.26 1054 49.67     0.00    0  0.00  18  8 74  3.59 7.30 8.61
              disk0               disk4       cpu    load average
    KB/t  tps  MB/s     KB/t  tps  MB/s  us sy id   1m   5m   15m
   16.44 1322 21.22     0.00    0  0.00  19  8 74  3.70 7.26 8.59
    9.50 5924 54.97     0.00    0  0.00  20 12 68  3.70 7.26 8.59
    9.56 6115 57.06     0.00    0  0.00  21 12 66  3.70 7.26 8.59
   10.37 5077 51.40     0.00    0  0.00  20 12 68  3.70 7.26 8.59
    6.87 5853 39.25     0.00    0  0.00  19 11 70  3.70 7.26 8.59
    8.62 7016 59.07     0.00    0  0.00  18 10 71  3.64 7.19 8.56
    8.72 6658 56.68     0.00    0  0.00  22 13 66  3.64 7.19 8.56
    9.86 4886 47.04     0.00    0  0.00  25 14 61  3.64 7.19 8.56
    8.84 7123 61.50     0.00    0  0.00  22 11 68  3.64 7.19 8.56
    7.87 8368 64.28     0.00    0  0.00  19  9 72  3.64 7.19 8.56
   11.17 4593 50.11     0.00    0  0.00  18  8 74  3.91 7.18 8.55
   11.98 2032 23.78     0.00    0  0.00  18  8 74  3.91 7.18 8.55
   13.29 3533 45.86     0.00    0  0.00  21  9 70  3.91 7.18 8.55
   10.45 5009 51.14     0.00    0  0.00  20 10 71  3.91 7.18 8.55
   10.25 5221 52.28     0.00    0  0.00  20 12 69  3.91 7.18 8.55
    6.15 6722 40.38     0.00    0  0.00  19 10 70  3.92 7.13 8.52
    9.59 7838 73.43     0.00    0  0.00  19 10 70  3.92 7.13 8.52
    9.08 6375 56.51     0.00    0  0.00  22 14 64  3.92 7.13 8.52
    8.70 6902 58.67     0.00    0  0.00  21 10 69  3.92 7.13 8.52
    7.23 5027 35.48     0.00    0  0.00  21 12 67  3.92 7.13 8.52
              disk0               disk4       cpu    load average
    KB/t  tps  MB/s     KB/t  tps  MB/s  us sy id   1m   5m   15m
    9.43 5954 54.85     0.00    0  0.00  20 11 69  3.92 7.08 8.50
    9.11 6726 59.83     0.00    0  0.00  20 11 69  3.92 7.08 8.50
   12.13 6027 71.39     0.00    0  0.00  21 12 67  3.92 7.08 8.50
   18.19 3322 59.01     0.00    0  0.00  23 11 66  3.92 7.08 8.50
   17.36 3020 51.18     0.00    0  0.00  20 13 67  3.92 7.08 8.50
   29.44 2026 58.25     0.00    0  0.00  23 11 66  4.01 7.04 8.48
   28.63 2270 63.46     0.00    0  0.00  22 12 65  4.01 7.04 8.48
   26.63 2118 55.07     0.00    0  0.00  24 11 65  4.01 7.04 8.48
   27.80 1989 53.99     0.00    0  0.00  26 10 64  4.01 7.04 8.48
   30.53 1985 59.20     0.00    0  0.00  23  9 68  4.01 7.04 8.48
   31.87 1163 36.21     0.00    0  0.00  18  8 74  3.85 6.96 8.44
   11.25 4464 49.05     0.00    0  0.00  19 11 70  3.85 6.96 8.44
    7.01 5034 34.44     0.00    0  0.00  21 14 65  3.85 6.96 8.44
   10.59 6680 69.05     0.00    0  0.00  23 12 64  3.85 6.96 8.44
    8.30 8010 64.94     0.00    0  0.00  24  9 67  3.85 6.96 8.44
    9.73 7981 75.84     0.00    0  0.00  26  9 65  3.86 6.91 8.41
    6.44 7016 44.14     0.00    0  0.00  28 10 62  3.86 6.91 8.41
    9.92 5467 52.95     0.00    0  0.00  23  9 68  3.86 6.91 8.41
    9.34 6073 55.37     0.00    0  0.00  25 13 62  3.86 6.91 8.41
    8.01 8055 63.01     0.00    0  0.00  20 10 69  3.86 6.91 8.41
              disk0               disk4       cpu    load average
    KB/t  tps  MB/s     KB/t  tps  MB/s  us sy id   1m   5m   15m
    8.55 3692 30.83     0.00    0  0.00  20  6 74  3.79 6.85 8.38
    8.30 5654 45.84     0.00    0  0.00  18  7 75  3.79 6.85 8.38
    4.84 12193 57.62     0.00    0  0.00  17  7 76  3.79 6.85 8.38
    4.39 11670 50.05     0.00    0  0.00  22 11 67  3.79 6.85 8.38
    4.68 10351 47.32     0.00    0  0.00  20  8 72  3.79 6.85 8.38
    4.47 8798 38.37     0.00    0  0.00  21  8 72  3.73 6.78 8.35
    4.72 12356 56.94     0.00    0  0.00  19  8 73  3.73 6.78 8.35
    4.40 12042 51.70     0.00    0  0.00  17  8 75  3.73 6.78 8.35
    4.76 9536 44.30     0.00    0  0.00  22 10 67  3.73 6.78 8.35
    4.92 7896 37.91     0.00    0  0.00  21  9 70  3.73 6.78 8.35
    4.18 10412 42.50     0.00    0  0.00  17  9 74  3.67 6.72 8.32
    8.37 9558 78.14     0.00    0  0.00  20  8 72  3.67 6.72 8.32
   10.17 5340 53.04     0.00    0  0.00  19  7 75  3.67 6.72 8.32
   14.89 2983 43.37     0.00    0  0.00  19  8 73  3.67 6.72 8.32
    7.28 4958 35.24     0.00    0  0.00  16  6 78  3.67 6.72 8.32
   34.62 1060 35.83     0.00    0  0.00  19  6 75  3.54 6.64 8.28
   44.00  912 39.20     0.00    0  0.00  21  7 73  3.54 6.64 8.28
   15.43 2203 33.21     0.00    0  0.00  19  5 76  3.54 6.64 8.28
   27.59 1968 53.01     0.00    0  0.00  19  9 73  3.54 6.64 8.28
   11.35 2207 24.47     0.00    0  0.00  23  8 69  3.54 6.64 8.28
              disk0               disk4       cpu    load average
    KB/t  tps  MB/s     KB/t  tps  MB/s  us sy id   1m   5m   15m
   18.51 2236 40.43     0.00    0  0.00  19  7 74  3.41 6.56 8.24
    9.07 6574 58.23     0.00    0  0.00  20 12 68  3.41 6.56 8.24
    6.93 5663 38.32     0.00    0  0.00  21 12 67  3.41 6.56 8.24
   12.10 6254 73.91     0.00    0  0.00  25 11 64  3.41 6.56 8.24
    9.45 5923 54.67     0.00    0  0.00  23 14 63  3.41 6.56 8.24
    7.01 5439 37.21     0.00    0  0.00  19 13 68  3.38 6.50 8.21
   13.87 5023 68.04     0.00    0  0.00  19 14 67  3.38 6.50 8.21
    6.62 6159 39.82     0.00    0  0.00  18 12 70  3.38 6.50 8.21
   10.82 4750 50.18     0.00    0  0.00  20 13 67  3.38 6.50 8.21
    9.76 5610 53.46     0.00    0  0.00  24 12 64  3.38 6.50 8.21
   17.85 2422 42.22     0.00    0  0.00  20 10 70  3.27 6.43 8.17
    6.71 5988 39.24     0.00    0  0.00  18 10 73  3.27 6.43 8.17
    9.75 5635 53.66     0.00    0  0.00  19 11 69  3.27 6.43 8.17
   12.34 3873 46.68     0.00    0  0.00  20 12 67  3.27 6.43 8.17
    6.75 5301 34.93     0.00    0  0.00  23 14 63  3.27 6.43 8.17
   11.14 6128 66.67     0.00    0  0.00  22 11 66  3.25 6.37 8.14
    8.31 7498 60.86     0.00    0  0.00  19 12 69  3.25 6.37 8.14
    9.42 5951 54.76     0.00    0  0.00  18 12 70  3.25 6.37 8.14
    7.86 4181 32.10     0.00    0  0.00  20 13 67  3.25 6.37 8.14
   10.83 6730 71.19     0.00    0  0.00  23 13 64  3.25 6.37 8.14
              disk0               disk4       cpu    load average
    KB/t  tps  MB/s     KB/t  tps  MB/s  us sy id   1m   5m   15m
   12.80 4741 59.26     0.00    0  0.00  27 13 60  3.23 6.32 8.11
   36.04 1036 36.46     0.00    0  0.00  18  9 73  3.23 6.32 8.11
   76.77  224 16.76     0.00    0  0.00  20  9 71  3.23 6.32 8.11
   18.16 2287 40.55     0.00    0  0.00  18  7 75  3.23 6.32 8.11
   10.12 5270 52.08     0.00    0  0.00  17  6 76  3.23 6.32 8.11
   19.43 2124 40.30     0.00    0  0.00  20  8 72  3.21 6.26 8.08
   22.72 1782 39.53     0.00    0  0.00  18  9 73  3.21 6.26 8.08
   55.96  311 17.00     0.00    0  0.00  19  8 73  3.21 6.26 8.08
   27.42 1385 37.08     0.00    0  0.00  18  8 74  3.21 6.26 8.08
    8.82 6697 57.71     0.00    0  0.00  19 11 70  3.21 6.26 8.08
    7.17 5122 35.85     0.00    0  0.00  26 12 62  3.59 6.29 8.08
   13.20 4511 58.16     0.00    0  0.00  20 13 66  3.59 6.29 8.08
    9.85 5605 53.94     0.00    0  0.00  21 12 67  3.59 6.29 8.08
    8.59 7059 59.22     0.00    0  0.00  18 11 71  3.59 6.29 8.08
    6.40 6767 42.30     0.00    0  0.00  20 12 68  3.59 6.29 8.08
   12.94 3610 45.63     0.00    0  0.00  24 14 62  3.54 6.23 8.05
   12.80 3851 48.14     0.00    0  0.00  22 14 64  3.54 6.23 8.05
    7.23 5787 40.85     0.00    0  0.00  21 11 68  3.54 6.23 8.05
    9.45 6113 56.41     0.00    0  0.00  24  8 69  3.54 6.23 8.05
   12.08 2112 24.93     0.00    0  0.00  18  7 75  3.54 6.23 8.05
              disk0               disk4       cpu    load average
    KB/t  tps  MB/s     KB/t  tps  MB/s  us sy id   1m   5m   15m
   14.31 4262 59.57     0.00    0  0.00  20  9 71  3.50 6.18 8.02
   16.85 2533 41.69     0.00    0  0.00  19  8 72  3.50 6.18 8.02
   26.28 1455 37.34     0.00    0  0.00  18  7 75  3.50 6.18 8.02
   11.64 4254 48.36     0.00    0  0.00  20 11 69  3.50 6.18 8.02
    7.83 4237 32.39     0.00    0  0.00  20 12 68  3.50 6.18 8.02
   11.39 4385 48.79     0.00    0  0.00  21 15 64  3.46 6.13 7.99
    9.76 5601 53.40     0.00    0  0.00  20 12 68  3.46 6.13 7.99
    5.87 5588 32.01     0.00    0  0.00  19 11 69  3.46 6.13 7.99
    8.71 9337 79.40     0.00    0  0.00  17 10 73  3.46 6.13 7.99
   10.20 5221 52.00     0.00    0  0.00  19 12 69  3.46 6.13 7.99
   11.18 4506 49.20     0.00    0  0.00  22 15 63  3.58 6.11 7.98
    6.98 5480 37.33     0.00    0  0.00  20 11 69  3.58 6.11 7.98
   12.98 3709 47.02     0.00    0  0.00  19 11 70  3.58 6.11 7.98
  140.23  238 32.65     0.00    0  0.00  18  8 73  3.58 6.11 7.98
   89.98  376 33.06     0.00    0  0.00  18  8 74  3.58 6.11 7.98
   39.69  479 18.57     0.00    0  0.00  19 11 70  3.70 6.09 7.96
   20.19 2320 45.74     0.00    0  0.00  21  9 70  3.70 6.09 7.96
   11.16 4485 48.86     0.00    0  0.00  15  6 79  3.70 6.09 7.96
   17.65 2350 40.51     0.00    0  0.00  16  7 76  3.70 6.09 7.96
   23.69 1680 38.86     0.00    0  0.00  17  7 75  3.70 6.09 7.96
              disk0               disk4       cpu    load average
    KB/t  tps  MB/s     KB/t  tps  MB/s  us sy id   1m   5m   15m
   12.10 1985 23.46     0.00    0  0.00  19 10 71  3.88 6.09 7.95
   10.70 4782 49.97     0.00    0  0.00  21 13 67  3.88 6.09 7.95
   11.24 4528 49.72     0.00    0  0.00  21 13 66  3.88 6.09 7.95
   11.46 4323 48.36     0.00    0  0.00  20 13 67  3.88 6.09 7.95
    6.45 5835 36.73     0.00    0  0.00  20 11 69  3.88 6.09 7.95
   11.46 5902 66.05     0.00    0  0.00  20 13 67  3.89 6.05 7.92
   10.59 4924 50.94     0.00    0  0.00  22 15 63  3.89 6.05 7.92
    9.08 3783 33.56     0.00    0  0.00  20 14 66  3.89 6.05 7.92
   10.08 4925 48.46     0.00    0  0.00  20 13 68  3.89 6.05 7.92
    8.28 7561 61.13     0.00    0  0.00  19 10 71  3.89 6.05 7.92
   17.42 2476 42.14     0.00    0  0.00  17  8 74  3.66 5.97 7.88
   59.28  294 17.00     0.00    0  0.00  22 11 67  3.66 5.97 7.88
   15.83 2755 42.59     0.00    0  0.00  19 10 71  3.66 5.97 7.88
    9.21 6208 55.85     0.00    0  0.00  20 10 70  3.66 5.97 7.88
    9.79 5604 53.59     0.00    0  0.00  19 13 69  3.66 5.97 7.88
    8.38 7441 60.91     0.00    0  0.00  19 10 71  3.61 5.92 7.85
    7.15 5209 36.37     0.00    0  0.00  23 13 64  3.61 5.92 7.85
   10.90 4732 50.36     0.00    0  0.00  21 12 67  3.61 5.92 7.85
   11.54 4686 52.82     0.00    0  0.00  19 13 68  3.61 5.92 7.85
    8.85 3482 30.09     0.00    0  0.00  27 14 59  3.61 5.92 7.85
              disk0               disk4       cpu    load average
    KB/t  tps  MB/s     KB/t  tps  MB/s  us sy id   1m   5m   15m
    9.71 5675 53.82     0.00    0  0.00  21 13 66  3.64 5.89 7.83
    7.04 6060 41.66     0.00    0  0.00  22 14 64  3.64 5.89 7.83
   28.68 1569 43.95     0.00    0  0.00  18  8 74  3.64 5.89 7.83
   44.65 1379 60.12     0.00    0  0.00  38 11 51  3.64 5.89 7.83
   13.24 8238 106.55     0.00    0  0.00  35 10 56  3.64 5.89 7.83
    9.09 6661 59.14     0.00    0  0.00  20 11 68  3.51 5.82 7.80
    7.55 4829 35.59     0.00    0  0.00  23 15 62  3.51 5.82 7.80
    8.52 7929 66.01     0.00    0  0.00  42 13 45  3.51 5.82 7.80
   16.03 5687 89.06     0.00    0  0.00  35 13 52  3.51 5.82 7.80
    9.24 6726 60.70     0.00    0  0.00  23 12 65  3.51 5.82 7.80
    7.41 4816 34.83     0.00    0  0.00  26 13 61  3.46 5.78 7.77
   12.78 5137 64.10     0.00    0  0.00  22 14 64  3.46 5.78 7.77
    6.56 6497 41.62     0.00    0  0.00  24 13 63  3.46 5.78 7.77
   10.06 5482 53.87     0.00    0  0.00  20 10 70  3.46 5.78 7.77
   19.87 2039 39.56     0.00    0  0.00  18  7 75  3.46 5.78 7.77
   20.71  981 19.84     0.00    0  0.00  30 10 60  3.35 5.71 7.73
   26.13 4185 106.79     0.00    0  0.00  45 12 43  3.35 5.71 7.73
    9.17 6253 55.99     0.00    0  0.00  23 14 63  3.35 5.71 7.73
    7.28 4949 35.20     0.00    0  0.00  21 14 65  3.35 5.71 7.73
    8.75 6101 52.15     0.00    0  0.00  19 11 70  3.35 5.71 7.73
              disk0               disk4       cpu    load average
    KB/t  tps  MB/s     KB/t  tps  MB/s  us sy id   1m   5m   15m
   10.68 6032 62.89     0.00    0  0.00  19 11 70  3.32 5.67 7.71
    7.18 5068 35.54     0.00    0  0.00  20 13 68  3.32 5.67 7.71
   10.58 4913 50.78     0.00    0  0.00  21 15 64  3.32 5.67 7.71
   12.08 3968 46.80     0.00    0  0.00  22 13 65  3.32 5.67 7.71
    9.83 5551 53.27     0.00    0  0.00  19 12 69  3.32 5.67 7.71
   12.03 5403 63.48     0.00    0  0.00  21 11 68  3.13 5.59 7.67
   27.58 1533 41.30     0.00    0  0.00  23 11 66  3.13 5.59 7.67
   14.32 1639 22.92     0.00    0  0.00  23 11 66  3.13 5.59 7.67
    7.78 8565 65.08     0.00    0  0.00  23 11 66  3.13 5.59 7.67
   11.63 4301 48.87     0.00    0  0.00  22 15 62  3.13 5.59 7.67
    8.16 7959 63.44     0.00    0  0.00  18 12 71  3.12 5.55 7.64
    5.41 10207 53.94     0.00    0  0.00  17 11 72  3.12 5.55 7.64
    8.81 8616 74.14     0.00    0  0.00  22 13 64  3.12 5.55 7.64
    8.27 7864 63.51     0.00    0  0.00  24 13 62  3.12 5.55 7.64
    6.44 6632 41.71     0.00    0  0.00  21 12 67  3.12 5.55 7.64
    7.72 9076 68.39     0.00    0  0.00  18 12 70  3.03 5.49 7.60
   22.97 2704 60.65     0.00    0  0.00  25  9 66  3.03 5.49 7.60
  400.10   41 15.95     0.00    0  0.00  14  1 85  3.03 5.49 7.60
  372.65  122 44.53     0.00    0  0.00  13  1 85  3.03 5.49 7.60
  329.40   99 32.00     0.00    0  0.00  14  1 85  3.03 5.49 7.60
              disk0               disk4       cpu    load average
    KB/t  tps  MB/s     KB/t  tps  MB/s  us sy id   1m   5m   15m
  258.40   65 16.39     0.00    0  0.00  14  1 85  2.87 5.41 7.57
  106.07  351 36.32     0.00    0  0.00  14  2 85  2.87 5.41 7.57
  101.11  338 33.35     0.00    0  0.00  15  2 83  2.87 5.41 7.57
  410.00   40 16.00     0.00    0  0.00  14  1 85  2.87 5.41 7.57
  361.01   91 31.97     0.00    0  0.00  13  1 86  2.87 5.41 7.57
  263.07  107 27.45     0.00    0  0.00  13  2 85  2.72 5.34 7.53
  297.63  152 44.05     0.00    0  0.00  14  2 85  2.72 5.34 7.53
  414.78   79 31.97     0.00    0  0.00  13  1 85  2.72 5.34 7.53
  366.49   45 16.08     0.00    0  0.00  13  1 86  2.72 5.34 7.53
  335.80   98 32.09     0.00    0  0.00  14  1 85  2.72 5.34 7.53
  442.81   74 31.93     0.00    0  0.00  14  1 85  2.58 5.27 7.49
  401.66   41 16.03     0.00    0  0.00  14  1 85  2.58 5.27 7.49
  182.36  182 32.48     0.00    0  0.00  13  1 86  2.58 5.27 7.49
  410.20   80 31.89     0.00    0  0.00  13  2 85  2.58 5.27 7.49
  207.91   85 17.20     0.00    0  0.00  13  1 86  2.58 5.27 7.49
  420.90   98 40.16     0.00    0  0.00  13  1 85  2.45 5.20 7.45
  366.59   82 29.29     0.00    0  0.00  13  1 86  2.45 5.20 7.45
  449.75   73 32.01     0.00    0  0.00  13  1 85  2.45 5.20 7.45
  443.24   74 31.87     0.00    0  0.00  14  1 85  2.45 5.20 7.45
  322.75   51 16.04     0.00    0  0.00  14  1 85  2.45 5.20 7.45
              disk0               disk4       cpu    load average
    KB/t  tps  MB/s     KB/t  tps  MB/s  us sy id   1m   5m   15m
  431.79   76 32.00     0.00    0  0.00  13  1 86  2.34 5.13 7.41
  442.86   74 31.93     0.00    0  0.00  13  1 86  2.34 5.13 7.41
  448.88   73 31.83     0.00    0  0.00  14  1 85  2.34 5.13 7.41
  431.37   38 16.00     0.00    0  0.00  13  2 84  2.34 5.13 7.41
  274.92   96 25.73     0.00    0  0.00  14  1 85  2.34 5.13 7.41
  168.14  290 47.56     0.00    0  0.00  14  2 84  2.31 5.07 7.38
  233.19   74 16.82     0.00    0  0.00  14  1 85  2.31 5.07 7.38
  399.61   82 31.95     0.00    0  0.00  13  1 86  2.31 5.07 7.38
  381.44   86 31.92     0.00    0  0.00  14  1 84  2.31 5.07 7.38
  269.35   62 16.27     0.00    0  0.00  16  2 83  2.31 5.07 7.38
  177.57  264 45.84     0.00    0  0.00  13  1 86  2.21 5.01 7.34
  179.21  182 31.91     0.00    0  0.00  13  1 86  2.21 5.01 7.34
   69.05  251 16.91     0.00    0  0.00  15  2 83  2.21 5.01 7.34
  166.74  197 32.01     0.00    0  0.00  14  2 84  2.21 5.01 7.34
  171.04  191 31.88     0.00    0  0.00  14  2 85  2.21 5.01 7.34
  190.56   86 15.98     0.00    0  0.00  13  1 86  2.19 4.96 7.31
  165.84  197 31.97     0.00    0  0.00  13  1 85  2.19 4.96 7.31
  179.93  123 21.58     0.00    0  0.00  13  1 86  2.19 4.96 7.31
  387.51  115 43.42     0.00    0  0.00  14  2 85  2.19 4.96 7.31
  381.63   86 31.91     0.00    0  0.00  14  1 85  2.19 4.96 7.31
              disk0               disk4       cpu    load average
    KB/t  tps  MB/s     KB/t  tps  MB/s  us sy id   1m   5m   15m
  455.22   72 31.94     0.00    0  0.00  13  1 86  2.09 4.89 7.27
  468.11   35 15.92     0.00    0  0.00  14  1 85  2.09 4.89 7.27
  266.84  124 32.21     0.00    0  0.00  14  1 85  2.09 4.89 7.27
  461.52   71 31.86     0.00    0  0.00  13  1 85  2.09 4.89 7.27
  412.40   40 16.06     0.00    0  0.00  14  1 85  2.09 4.89 7.27
  460.12   69 30.89     0.00    0  0.00  13  2 84  2.01 4.82 7.24
  214.00  208 43.40     0.00    0  0.00  13  2 85  2.01 4.82 7.24
  227.89   72 15.99     0.00    0  0.00  15  2 83  2.01 4.82 7.24
  232.43  141 31.94     0.00    0  0.00  13  1 86  2.01 4.82 7.24
  224.74  145 31.93     0.00    0  0.00  13  1 86  2.01 4.82 7.24
  235.77  138 31.83     0.00    0  0.00  13  1 86  1.93 4.76 7.20
  224.49   73 15.92     0.00    0  0.00  13  1 86  1.93 4.76 7.20
  232.43  141 31.91     0.00    0  0.00  13  1 86  1.93 4.76 7.20
  222.78  147 32.05     0.00    0  0.00  13  2 85  1.93 4.76 7.20
  230.56  113 25.55     0.00    0  0.00  13  2 85  1.93 4.76 7.20
  240.78  205 48.11     0.00    0  0.00  13  3 84  2.01 4.73 7.18
  342.67   48 15.99     0.00    0  0.00  14  1 85  2.01 4.73 7.18
  275.43  120 32.26     0.00    0  0.00  14  3 83  2.01 4.73 7.18
  409.95   80 31.94     0.00    0  0.00  13  1 86  2.01 4.73 7.18
  269.97   63 16.56     0.00    0  0.00  14  1 85  2.01 4.73 7.18
              disk0               disk4       cpu    load average
    KB/t  tps  MB/s     KB/t  tps  MB/s  us sy id   1m   5m   15m
  415.09   79 31.94     0.00    0  0.00  14  1 85  1.93 4.67 7.14
  222.42  149 32.31     0.00    0  0.00  13  1 86  1.93 4.67 7.14
  186.89  157 28.70     0.00    0  0.00  14  2 83  1.93 4.67 7.14
   20.29 1133 22.45     0.00    0  0.00  12  2 86  1.93 4.67 7.14
  351.95   82 28.13     0.00    0  0.00  13  2 85  1.93 4.67 7.14
  455.50   72 31.96     0.00    0  0.00  13  1 86  1.86 4.61 7.10
  496.48   66 31.96     0.00    0  0.00  13  1 86  1.86 4.61 7.10
  496.48   66 31.94     0.00    0  0.00  13  1 86  1.86 4.61 7.10
  323.84   51 16.10     0.00    0  0.00  14  1 85  1.86 4.61 7.10
  203.14  172 34.20     0.00    0  0.00  13  1 85  1.86 4.61 7.10
  387.74  106 40.02     0.00    0  0.00  13  1 86  1.79 4.55 7.07
  354.19   93 32.06     0.00    0  0.00  13  1 85  1.79 4.55 7.07
  157.11  107 16.48     0.00    0  0.00  15  2 84  1.79 4.55 7.07
  391.29   84 31.96     0.00    0  0.00  14  2 84  1.79 4.55 7.07
  420.87   78 31.94     0.00    0  0.00  14  1 85  1.79 4.55 7.07
  443.14   37 15.93     0.00    0  0.00  14  2 84  1.72 4.49 7.03
  154.39  221 33.26     0.00    0  0.00  15  2 83  1.72 4.49 7.03
  269.41  102 26.70     0.00    0  0.00  13  1 86  1.72 4.49 7.03
  233.16  202 46.06     0.00    0  0.00  13  2 85  1.72 4.49 7.03
  231.77   71 16.02     0.00    0  0.00  15  2 83  1.72 4.49 7.03
              disk0               disk4       cpu    load average
    KB/t  tps  MB/s     KB/t  tps  MB/s  us sy id   1m   5m   15m
  264.42  123 31.86     0.00    0  0.00  13  1 86  1.67 4.43 7.00
  264.29  124 31.92     0.00    0  0.00  13  1 85  1.67 4.43 7.00
  268.59  122 31.94     0.00    0  0.00  13  1 86  1.67 4.43 7.00
  211.08   78 16.01     0.00    0  0.00  13  1 86  1.67 4.43 7.00
  253.32  130 32.08     0.00    0  0.00  13  1 85  1.67 4.43 7.00
  131.02  248 31.68     0.00    0  0.00  13  3 83  1.61 4.37 6.96
  167.57  167 27.34     0.00    0  0.00  13  2 85  1.61 4.37 6.96
  496.48   66 31.92     0.00    0  0.00  13  1 85  1.61 4.37 6.96
  481.88   68 31.96     0.00    0  0.00  13  1 86  1.61 4.37 6.96
  455.33   72 31.89     0.00    0  0.00  13  1 85  1.61 4.37 6.96
  399.90   41 15.94     0.00    0  0.00  13  1 86  1.56 4.32 6.93
  179.96  184 32.37     0.00    0  0.00  13  1 86  1.56 4.32 6.93
  135.41  244 32.23     0.00    0  0.00  15  2 84  1.56 4.32 6.93
  128.22  129 16.21     0.00    0  0.00  13  2 85  1.56 4.32 6.93
  163.15  155 24.78     0.00    0  0.00  14  1 85  1.56 4.32 6.93
  342.44  113 37.68     0.00    0  0.00  13  2 85  1.52 4.26 6.89
  322.77  145 45.80     0.00    0  0.00  13  1 85  1.52 4.26 6.89
  334.61   49 15.96     0.00    0  0.00  13  1 86  1.52 4.26 6.89
  295.86  111 32.06     0.00    0  0.00  14  1 85  1.52 4.26 6.89
  324.75  101 31.87     0.00    0  0.00  14  1 85  1.52 4.26 6.89
              disk0               disk4       cpu    load average
    KB/t  tps  MB/s     KB/t  tps  MB/s  us sy id   1m   5m   15m
  304.00   54 15.97     0.00    0  0.00  14  1 85  1.48 4.21 6.86
  321.53  102 31.89     0.00    0  0.00  13  1 86  1.48 4.21 6.86
  203.46  163 32.31     0.00    0  0.00  13  3 84  1.48 4.21 6.86
  293.54   39 11.14     0.00    0  0.00  13  1 86  1.48 4.21 6.86
  309.14  143 43.25     0.00    0  0.00  13  2 85  1.48 4.21 6.86
  341.33   96 31.84     0.00    0  0.00  13  1 86  1.44 4.15 6.82
  376.64   87 31.85     0.00    0  0.00  14  1 85  1.44 4.15 6.82
  114.94  297 33.39     0.00    0  0.00  13  1 85  1.44 4.15 6.82
  304.22   54 15.98     0.00    0  0.00  13  1 86  1.44 4.15 6.82
  341.92   96 32.03     0.00    0  0.00  14  1 85  1.44 4.15 6.82
  352.65   93 31.90     0.00    0  0.00  13  1 86  1.40 4.10 6.79
  322.04   51 15.97     0.00    0  0.00  13  1 85  1.40 4.10 6.79
  198.40  251 48.55     0.00    0  0.00  13  2 85  1.40 4.10 6.79
   70.38  254 17.43     0.00    0  0.00  14  1 85  1.40 4.10 6.79
  232.43  140 31.87     0.00    0  0.00  13  1 86  1.40 4.10 6.79
  137.44  247 33.17     0.00    0  0.00  13  2 84  1.37 4.05 6.75
  216.00  151 31.91     0.00    0  0.00  13  1 86  1.37 4.05 6.75
  237.45   69 15.92     0.00    0  0.00  14  1 85  1.37 4.05 6.75
  226.40  145 32.00     0.00    0  0.00  13  1 86  1.37 4.05 6.75
  220.48  148 31.92     0.00    0  0.00  13  2 85  1.37 4.05 6.75
              disk0               disk4       cpu    load average
    KB/t  tps  MB/s     KB/t  tps  MB/s  us sy id   1m   5m   15m
  183.70  135 24.15     0.00    0  0.00  14  1 85  1.34 4.00 6.72
  139.93  297 40.56     0.00    0  0.00  13  2 85  1.34 4.00 6.72
  162.10  103 16.28     0.00    0  0.00  14  2 85  1.34 4.00 6.72
  190.91  171 31.89     0.00    0  0.00  14  1 85  1.34 4.00 6.72
  206.11  159 31.92     0.00    0  0.00  13  1 86  1.34 4.00 6.72
   90.48  391 34.55     0.00    0  0.00  19  3 78  1.31 3.95 6.68
  197.40   83 15.98     0.00    0  0.00  13  1 86  1.31 3.95 6.68
  186.24  177 32.15     0.00    0  0.00  14  2 84  1.31 3.95 6.68
   42.46  582 24.14     0.00    0  0.00  15  2 83  1.31 3.95 6.68
  198.09  225 43.54     0.00    0  0.00  14  2 85  1.31 3.95 6.68
  222.94  146 31.87     0.00    0  0.00  13  1 86  1.29 3.90 6.65
  237.48  138 31.98     0.00    0  0.00  13  1 86  1.29 3.90 6.65
  109.53  157 16.76     0.00    0  0.00  13  1 86  1.29 3.90 6.65
  219.89  150 32.14     0.00    0  0.00  14  1 85  1.29 3.90 6.65
  224.77  145 31.90     0.00    0  0.00  14  1 85  1.29 3.90 6.65
  145.26  228 32.36     0.00    0  0.00  13  1 86  1.34 3.87 6.62
  207.85   79 15.99     0.00    0  0.00  13  2 85  1.34 3.87 6.62
  182.65  188 33.54     0.00    0  0.00  13  2 85  1.34 3.87 6.62
  279.59  146 39.99     0.00    0  0.00  14  1 85  1.34 3.87 6.62
  157.58  208 31.98     0.00    0  0.00  13  1 86  1.34 3.87 6.62
              disk0               disk4       cpu    load average
    KB/t  tps  MB/s     KB/t  tps  MB/s  us sy id   1m   5m   15m
  127.53  129 16.06     0.00    0  0.00  13  1 85  1.32 3.82 6.59
  133.24  245 31.91     0.00    0  0.00  13  1 86  1.32 3.82 6.59
  127.16  257 31.91     0.00    0  0.00  13  1 86  1.32 3.82 6.59
  129.04  127 15.95     0.00    0  0.00  13  1 86  1.32 3.82 6.59
  126.81  258 31.95     0.00    0  0.00  13  2 85  1.32 3.82 6.59
   77.62  295 22.33     0.00    0  0.00  14  2 84  1.29 3.77 6.56
  273.02  163 43.50     0.00    0  0.00  13  2 85  1.29 3.77 6.56
  414.78   79 31.88     0.00    0  0.00  13  1 86  1.29 3.77 6.56
  414.78   79 31.87     0.00    0  0.00  14  1 85  1.29 3.77 6.56
  374.36   44 16.08     0.00    0  0.00  13  1 86  1.29 3.77 6.56
  323.61  102 32.12     0.00    0  0.00  13  1 86  1.27 3.73 6.52
  165.12  203 32.68     0.00    0  0.00  14  1 85  1.27 3.73 6.52
  268.58   62 16.25     0.00    0  0.00  14  2 85  1.27 3.73 6.52
  322.19   86 26.97     0.00    0  0.00  14  2 85  1.27 3.73 6.52
  414.97  101 40.80     0.00    0  0.00  13  2 85  1.27 3.73 6.52
  475.19   69 31.89     0.00    0  0.00  14  2 85  1.25 3.68 6.49
  496.48   33 15.95     0.00    0  0.00  13  1 85  1.25 3.68 6.49
  482.53   68 31.97     0.00    0  0.00  14  1 85  1.25 3.68 6.49
  331.52  100 32.30     0.00    0  0.00  14  1 85  1.25 3.68 6.49
  482.24   34 15.93     0.00    0  0.00  14  1 85  1.25 3.68 6.49
              disk0               disk4       cpu    load average
    KB/t  tps  MB/s     KB/t  tps  MB/s  us sy id   1m   5m   15m
  334.85  115 37.45     0.00    0  0.00  13  1 86  1.31 3.65 6.47
  248.87  166 40.25     0.00    0  0.00  16  4 81  1.31 3.65 6.47
  335.02   49 15.94     0.00    0  0.00  16  4 80  1.31 3.65 6.47
   87.78  411 35.24     0.00    0  0.00  22  8 70  1.31 3.65 6.47
  256.19  129 32.21     0.00    0  0.00  19  4 77  1.31 3.65 6.47
  368.45   89 31.97     0.00    0  0.00  14  2 85  1.28 3.61 6.43
  345.92   48 16.21     0.00    0  0.00  15  1 83  1.28 3.61 6.43
  360.44   91 31.88     0.00    0  0.00  14  1 85  1.28 3.61 6.43
  324.71   96 30.32     0.00    0  0.00  13  2 85  1.28 3.61 6.43
  305.04  146 43.35     0.00    0  0.00  13  2 85  1.28 3.61 6.43
  356.17   46 15.92     0.00    0  0.00  14  1 85  1.26 3.57 6.40
  348.94   94 31.87     0.00    0  0.00  14  1 85  1.26 3.57 6.40
  345.22   95 31.96     0.00    0  0.00  14  1 85  1.26 3.57 6.40
  312.61  105 31.93     0.00    0  0.00  14  1 85  1.26 3.57 6.40
  348.94   47 15.99     0.00    0  0.00  14  1 85  1.26 3.57 6.40
  107.13  365 38.21     0.00    0  0.00  14  3 84  1.48 3.57 6.39
  320.18   91 28.33     0.00    0  0.00  13  2 85  1.48 3.57 6.39
  180.49  156 27.44     0.00    0  0.00  13  2 85  1.48 3.57 6.39
  162.07  203 32.10     0.00    0  0.00  15  2 83  1.48 3.57 6.39
  196.29  167 31.95     0.00    0  0.00  14  2 84  1.48 3.57 6.39
              disk0               disk4       cpu    load average
    KB/t  tps  MB/s     KB/t  tps  MB/s  us sy id   1m   5m   15m
  150.72  219 32.20     0.00    0  0.00  14  1 85  1.44 3.53 6.35
   69.75  251 17.10     0.00    0  0.00  15  2 83  1.44 3.53 6.35
  203.95  161 31.97     0.00    0  0.00  15  2 84  1.44 3.53 6.35
  184.92  177 32.03     0.00    0  0.00  13  1 85  1.44 3.53 6.35
  176.68   94 16.16     0.00    0  0.00  14  2 84  1.44 3.53 6.35
  115.68  276 31.23     0.00    0  0.00  13  1 85  1.40 3.49 6.32
  429.26  105 43.82     0.00    0  0.00  14  1 85  1.40 3.49 6.32
  431.16   38 15.97     0.00    0  0.00  14  1 85  1.40 3.49 6.32
  405.14   81 31.92     0.00    0  0.00  14  1 85  1.40 3.49 6.32
  227.15  137 30.34     0.00    0  0.00  14  1 85  1.40 3.49 6.32
  250.17  131 31.95     0.00    0  0.00  13  1 86  1.53 3.48 6.30
  161.28  206 32.38     0.00    0  0.00  13  1 85  1.53 3.48 6.30
  258.30  126 31.89     0.00    0  0.00  14  1 85  1.53 3.48 6.30
  205.95   80 16.03     0.00    0  0.00  14  1 85  1.53 3.48 6.30
  250.20  130 31.84     0.00    0  0.00  13  1 86  1.53 3.48 6.30
  242.79  135 31.99     0.00    0  0.00  13  2 85  1.49 3.44 6.27
  242.76  134 31.86     0.00    0  0.00  13  1 86  1.49 3.44 6.27
  270.00   54 14.20     0.00    0  0.00  14  1 85  1.49 3.44 6.27
  355.92  102 35.31     0.00    0  0.00  14  1 85  1.49 3.44 6.27
  468.40   70 31.87     0.00    0  0.00  14  1 85  1.49 3.44 6.27
              disk0               disk4       cpu    load average
    KB/t  tps  MB/s     KB/t  tps  MB/s  us sy id   1m   5m   15m
  379.64   67 24.71     0.00    0  0.00  13  1 86  1.45 3.40 6.24
  450.63   73 31.99     0.00    0  0.00  14  1 85  1.45 3.40 6.24
  489.07   67 31.85     0.00    0  0.00  13  1 86  1.45 3.40 6.24
  278.87   60 16.28     0.00    0  0.00  14  1 85  1.45 3.40 6.24
  381.29   96 35.59     0.00    0  0.00  13  2 85  1.45 3.40 6.24
  253.46  167 41.23     0.00    0  0.00  14  3 84  1.41 3.36 6.21
  461.52   71 31.91     0.00    0  0.00  14  1 85  1.41 3.36 6.21
  468.11   35 15.92     0.00    0  0.00  13  1 85  1.41 3.36 6.21
  386.59   85 31.93     0.00    0  0.00  14  1 85  1.41 3.36 6.21
  324.47  102 32.22     0.00    0  0.00  16  1 83  1.41 3.36 6.21
  443.78   37 15.98     0.00    0  0.00  13  1 85  1.38 3.32 6.18
  157.06  215 32.92     0.00    0  0.00  14  2 84  1.38 3.32 6.18
  475.18   49 22.67     0.00    0  0.00  14  1 85  1.38 3.32 6.18
  152.95  290 43.27     0.00    0  0.00  13  2 85  1.38 3.32 6.18
  159.88  204 31.90     0.00    0  0.00  13  1 86  1.38 3.32 6.18
  153.27  107 15.97     0.00    0  0.00  13  1 85  1.35 3.28 6.15
  154.07  212 31.95     0.00    0  0.00  14  1 84  1.35 3.28 6.15
  170.20  192 31.96     0.00    0  0.00  13  1 86  1.35 3.28 6.15
  154.99  213 32.18     0.00    0  0.00  14  1 85  1.35 3.28 6.15
  156.88  105 16.03     0.00    0  0.00  13  2 84  1.35 3.28 6.15
              disk0               disk4       cpu    load average
    KB/t  tps  MB/s     KB/t  tps  MB/s  us sy id   1m   5m   15m
  159.89  174 27.12     0.00    0  0.00  13  1 85  1.32 3.24 6.12
  244.96  154 36.75     0.00    0  0.00  13  2 85  1.32 3.24 6.12
  424.77   78 32.20     0.00    0  0.00  13  1 85  1.32 3.24 6.12
  496.48   33 15.97     0.00    0  0.00  14  1 85  1.32 3.24 6.12
  359.19  104 36.40     0.00    0  0.00  13  1 86  1.32 3.24 6.12
  322.75  102 32.08     0.00    0  0.00  14  1 85  1.37 3.22 6.09
  409.60   80 31.87     0.00    0  0.00  13  1 86  1.37 3.22 6.09
  400.05   82 31.87     0.00    0  0.00  14  1 85  1.37 3.22 6.09
  247.65   68 16.43     0.00    0  0.00  14  2 84  1.37 3.22 6.09
  394.84   83 31.96     0.00    0  0.00  14  2 85  1.37 3.22 6.09
  425.56   77 31.91     0.00    0  0.00  13  1 86  1.34 3.18 6.06
  269.94   62 16.30     0.00    0  0.00  13  1 85  1.34 3.18 6.06
  352.79   66 22.64     0.00    0  0.00  13  1 86  1.34 3.18 6.06
  285.21  149 41.36     0.00    0  0.00  14  2 85  1.34 3.18 6.06
  298.47  110 31.93     0.00    0  0.00  13  2 85  1.34 3.18 6.06
  144.55  241 33.98     0.00    0  0.00  15  2 83  1.32 3.15 6.03
  313.66  106 32.34     0.00    0  0.00  13  1 86  1.32 3.15 6.03
   24.31 1351 32.07     0.00    0  0.00  19  3 79  1.32 3.15 6.03
  282.62  116 31.90     0.00    0  0.00  13  1 86  1.32 3.15 6.03
  221.18  149 32.12     0.00    0  0.00  14  2 85  1.32 3.15 6.03
              disk0               disk4       cpu    load average
    KB/t  tps  MB/s     KB/t  tps  MB/s  us sy id   1m   5m   15m
  309.81   53 15.98     0.00    0  0.00  14  2 85  1.29 3.11 6.00
  123.05  359 43.13     0.00    0  0.00  15  3 81  1.29 3.11 6.00
  350.55   47 16.02     0.00    0  0.00  14  1 85  1.29 3.11 6.00
  420.21   78 31.94     0.00    0  0.00  14  1 85  1.29 3.11 6.00
   85.16  321 26.66     0.00    0  0.00  16  3 81  1.29 3.11 6.00
    6.26 7140 43.62     0.00    0  0.00  11  2 87  1.27 3.08 5.97
    5.44 3035 16.13     0.00    0  0.00  13  1 85  1.27 3.08 5.97
    5.85 5623 32.11     0.00    0  0.00  12  1 87  1.27 3.08 5.97
    5.97 2787 16.26     0.00    0  0.00  13  1 85  1.27 3.08 5.97
    5.43 6086 32.28     0.00    0  0.00  11  2 87  1.27 3.08 5.97
    5.59 2978 16.24     0.00    0  0.00  13  1 86  1.33 3.06 5.95
    5.59 5979 32.67     0.00    0  0.00  12  2 86  1.33 3.06 5.95
    5.56 2962 16.08     0.00    0  0.00  13  1 86  1.33 3.06 5.95
    5.28 6227 32.13     0.00    0  0.00  11  1 87  1.33 3.06 5.95
   24.03 1050 24.65     0.00    0  0.00  18  3 79  1.33 3.06 5.95
  407.13  101 40.03     0.00    0  0.00  19  4 77  1.54 3.07 5.94
   70.15  523 35.80     0.00    0  0.00  24  7 69  1.54 3.07 5.94
  192.46   87 16.31     0.00    0  0.00  20  5 76  1.54 3.07 5.94
   40.64  985 39.09     0.00    0  0.00  19  4 77  1.54 3.07 5.94
  301.33  111 32.62     0.00    0  0.00  16  3 81  1.54 3.07 5.94
              disk0               disk4       cpu    load average
    KB/t  tps  MB/s     KB/t  tps  MB/s  us sy id   1m   5m   15m
  442.81   37 15.93     0.00    0  0.00  15  2 83  1.50 3.04 5.91
  322.76  103 32.38     0.00    0  0.00  17  3 80  1.50 3.04 5.91
  342.15   91 30.33     0.00    0  0.00  17  4 79  1.50 3.04 5.91
   16.67 1710 27.85     0.00    0  0.00  20  4 77  1.50 3.04 5.91
   78.18  444 33.91     0.00    0  0.00  19  4 76  1.50 3.04 5.91
  102.73  330 33.13     0.00    0  0.00  23  5 72  1.54 3.02 5.89
  138.40  236 31.87     0.00    0  0.00  20  4 76  1.54 3.02 5.89
   56.89  525 29.17     0.00    0  0.00  19  5 76  1.54 3.02 5.89
   94.08  357 32.81     0.00    0  0.00  17  3 80  1.54 3.02 5.89
    5.30 6323 32.70     0.00    0  0.00  16  4 79  1.54 3.02 5.89
    7.16 3905 27.28     0.00    0  0.00  21  6 73  1.57 3.00 5.86
    7.66 4503 33.69     0.00    0  0.00  30  5 65  1.57 3.00 5.86
    6.74 6957 45.77     0.00    0  0.00  25  5 70  1.57 3.00 5.86
    4.99 3365 16.38     0.00    0  0.00  28  4 69  1.57 3.00 5.86
    4.96 6669 32.32     0.00    0  0.00  28  4 69  1.57 3.00 5.86
    5.80 2966 16.81     0.00    0  0.00  27  4 69  1.61 2.99 5.84
    6.56 6272 40.20     0.00    0  0.00  22  4 74  1.61 2.99 5.84
    8.93 3405 29.70     0.00    0  0.00  22  3 75  1.61 2.99 5.84
    5.49 6076 32.57     0.00    0  0.00  23  2 75  1.61 2.99 5.84
    6.03 2862 16.84     0.00    0  0.00  24  2 74  1.61 2.99 5.84
              disk0               disk4       cpu    load average
    KB/t  tps  MB/s     KB/t  tps  MB/s  us sy id   1m   5m   15m
    5.10 6524 32.47     0.00    0  0.00  23  4 73  1.56 2.95 5.81
   21.60  993 20.95     0.00    0  0.00  25  2 73  1.56 2.95 5.81
   85.16  578 48.10     0.00    0  0.00  26  2 72  1.56 2.95 5.81
  374.36   44 16.02     0.00    0  0.00  25  1 73  1.56 2.95 5.81
  382.37   86 32.08     0.00    0  0.00  25  1 73  1.56 2.95 5.81
  361.23   91 31.93     0.00    0  0.00  25  2 73  1.59 2.94 5.79
  337.14   49 16.08     0.00    0  0.00  25  2 73  1.59 2.94 5.79
   87.54  426 36.38     0.00    0  0.00  24  3 73  1.59 2.94 5.79
   82.31  565 45.44     0.00    0  0.00  25  5 69  1.59 2.94 5.79
   77.45  439 33.22     0.00    0  0.00  24  3 73  1.59 2.94 5.79
  172.29  262 44.03     0.00    0  0.00  25  2 73  1.63 2.92 5.77
  184.85  178 32.05     0.00    0  0.00  25  2 73  1.63 2.92 5.77
  117.04  146 16.67     0.00    0  0.00  25  2 73  1.63 2.92 5.77
  194.18  168 31.87     0.00    0  0.00  25  1 74  1.63 2.92 5.77
   61.45  609 36.54     0.00    0  0.00  26  4 71  1.63 2.92 5.77
   41.15 1368 54.98     0.00    0  0.00  26  5 68  1.66 2.91 5.75
  174.89   94 16.03     0.00    0  0.00  25  2 73  1.66 2.91 5.75
  102.20  325 32.43     0.00    0  0.00  26  3 72  1.66 2.91 5.75
  141.19  235 32.41     0.00    0  0.00  25  2 73  1.66 2.91 5.75
  140.12  203 27.72     0.00    0  0.00  25  2 73  1.66 2.91 5.75
              disk0               disk4       cpu    load average
    KB/t  tps  MB/s     KB/t  tps  MB/s  us sy id   1m   5m   15m
  177.03  186 32.18     0.00    0  0.00  25  2 73  1.68 2.89 5.72
   59.65  608 35.40     0.00    0  0.00  25  3 72  1.68 2.89 5.72
   57.96  626 35.45     0.00    0  0.00  22  3 74  1.68 2.89 5.72
  113.33  340 37.68     0.00    0  0.00  25  2 73  1.68 2.89 5.72
  121.97  275 32.77     0.00    0  0.00  25  2 73  1.68 2.89 5.72
  138.03  120 16.12     0.00    0  0.00  24  3 72  1.95 2.93 5.72
  239.10  133 30.97     0.00    0  0.00  25  2 73  1.95 2.93 5.72
   24.53 2361 56.55     0.00    0  0.00  30  7 63  1.95 2.93 5.72
   17.75 3123 54.13     0.00    0  0.00  40  7 53  1.95 2.93 5.72
   26.29 2387 61.27     0.00    0  0.00  42  7 52  1.95 2.93 5.72
   15.38 2198 33.02     0.00    0  0.00  43  8 49  2.67 3.06 5.75
   26.47 1614 41.71     0.00    0  0.00  45  7 48  2.67 3.06 5.75
   39.96  980 38.25     0.00    0  0.00  43  5 51  2.67 3.06 5.75
  108.52  300 31.84     0.00    0  0.00  27  4 70  2.67 3.06 5.75
   44.89  630 27.64     0.00    0  0.00  30  6 65  2.67 3.06 5.75
  167.78  198 32.48     0.00    0  0.00  36  3 61  2.86 3.09 5.75
  353.93   83 28.67     0.00    0  0.00  31  3 66  2.86 3.09 5.75
   78.51  359 27.51     0.00    0  0.00  25  2 73  2.86 3.09 5.75
  260.20  183 46.57     0.00    0  0.00  25  2 73  2.86 3.09 5.75
   63.11  305 18.77     0.00    0  0.00  25  2 73  2.86 3.09 5.75
              disk0               disk4       cpu    load average
    KB/t  tps  MB/s     KB/t  tps  MB/s  us sy id   1m   5m   15m
   39.81 1073 41.70     0.00    0  0.00  25  2 73  2.79 3.07 5.72
  455.11   72 31.97     0.00    0  0.00  25  2 73  2.79 3.07 5.72
  437.28   75 31.97     0.00    0  0.00  25  2 73  2.79 3.07 5.72
  114.58  279 31.20     0.00    0  0.00  23  3 74  2.79 3.07 5.72
   70.42  535 36.80     0.00    0  0.00  25  3 72  2.79 3.07 5.72
   38.03 1127 41.86     0.00    0  0.00  26  3 71  2.73 3.05 5.70
  204.03  138 27.41     0.00    0  0.00  25  2 73  2.73 3.05 5.70
   90.83  515 45.70     0.00    0  0.00  23  4 73  2.73 3.05 5.70
  133.27  286 37.16     0.00    0  0.00  24  2 74  2.73 3.05 5.70
  211.24  156 32.23     0.00    0  0.00  25  2 73  2.73 3.05 5.70
  180.28  200 35.24     0.00    0  0.00  25  2 73  2.67 3.04 5.68
   38.63  511 19.29     0.00    0  0.00  26  2 72  2.67 3.04 5.68
  118.01  289 33.29     0.00    0  0.00  25  2 73  2.67 3.04 5.68
   93.45  376 34.29     0.00    0  0.00  24  3 73  2.67 3.04 5.68
   72.91  293 20.85     0.00    0  0.00  25  2 73  2.67 3.04 5.68
   74.52  812 59.07     0.00    0  0.00  21  3 76  2.67 3.04 5.68
  155.41  210 31.90     0.00    0  0.00  13  1 85  2.69 3.04 5.66
  145.07  227 32.13     0.00    0  0.00  15  2 83  2.69 3.04 5.66
  117.29  149 17.03     0.00    0  0.00  14  2 84  2.69 3.04 5.66
  156.08  209 31.89     0.00    0  0.00  14  1 85  2.69 3.04 5.66
              disk0               disk4       cpu    load average
    KB/t  tps  MB/s     KB/t  tps  MB/s  us sy id   1m   5m   15m
  157.67  209 32.16     0.00    0  0.00  14  2 84  2.69 3.04 5.66
   96.41  349 32.82     0.00    0  0.00  14  2 85  2.56 3.00 5.64
  141.17   82 11.28     0.00    0  0.00  13  2 85  2.56 3.00 5.64
   67.15  607 39.82     0.00    0  0.00  15  2 83  2.56 3.00 5.64
  321.71  146 45.94     0.00    0  0.00  13  1 85  2.56 3.00 5.64
  280.20  118 32.26     0.00    0  0.00  14  1 85  2.56 3.00 5.64
  239.77   71 16.61     0.00    0  0.00  14  1 85  2.43 2.97 5.61
  322.47  102 31.99     0.00    0  0.00  13  1 85  2.43 2.97 5.61
  206.61  164 33.04     0.00    0  0.00  14  2 85  2.43 2.97 5.61
  250.79   66 16.10     0.00    0  0.00  13  1 86  2.43 2.97 5.61
  325.11  101 32.04     0.00    0  0.00  14  1 85  2.43 2.97 5.61
  305.96  108 32.22     0.00    0  0.00  14  2 85  2.32 2.94 5.58
    8.34 2974 24.22     0.00    0  0.00  12  1 86  2.32 2.94 5.58
    5.84 7081 40.40     0.00    0  0.00  12  2 87  2.32 2.94 5.58
    5.71 3521 19.63     0.00    0  0.00  13  2 85  2.32 2.94 5.58
    6.88 6061 40.69     0.00    0  0.00  17  3 80  2.32 2.94 5.58
    8.17 8681 69.30     0.00    0  0.00  26  5 70  2.29 2.92 5.56
   16.68 12124 197.48     0.00    0  0.00  40 14 46  2.29 2.92 5.56
   21.25 12681 263.17     0.00    0  0.00  50 21 29  2.29 2.92 5.56
   28.80 12248 344.48     0.00    0  0.00  51 17 32  2.29 2.92 5.56
              disk0               disk4       cpu    load average
    KB/t  tps  MB/s     KB/t  tps  MB/s  us sy id   1m   5m   15m
   12.28 6061 72.68     0.00    0  0.00  38  6 56  2.29 2.92 5.56
   13.89 4606 62.48     0.00    0  0.00  32  5 63  2.51 2.95 5.56
    9.14 2955 26.37     0.00    0  0.00  38  6 56  2.51 2.95 5.56
  110.41  475 51.20     0.00    0  0.00  31  4 65  2.51 2.95 5.56
   69.80  597 40.66     0.00    0  0.00  31  4 65  2.51 2.95 5.56
   18.54 2807 50.84     0.00    0  0.00  32  4 64  2.51 2.95 5.56
   42.20  541 22.30     0.00    0  0.00  26  3 71  2.55 2.95 5.54
  253.98  130 32.36     0.00    0  0.00  15  2 82  2.55 2.95 5.54
   70.60 1293 89.12     0.00    0  0.00  21  7 72  2.55 2.95 5.54
   49.64 3309 160.43     0.00    0  0.00  30 12 58  2.55 2.95 5.54
   50.79 1612 79.98     0.00    0  0.00  29 10 62  2.55 2.95 5.54
   75.64  476 35.18     0.00    0  0.00  21  5 74  2.98 3.04 5.56
  194.30  232 44.04     0.00    0  0.00  16  3 81  2.98 3.04 5.56
   28.79  995 27.99     0.00    0  0.00  21  6 73  2.98 3.04 5.56
   21.27 6328 131.47     0.00    0  0.00  56 17 27  2.98 3.04 5.56
   29.47 6413 184.57     0.00    0  0.00  38 13 49  2.98 3.04 5.56
   49.58  842 40.75     0.00    0  0.00  40  9 51  4.27 3.30 5.63
   46.39 1346 60.97     0.00    0  0.00  42  7 51  4.27 3.30 5.63
   47.16 2824 130.04     0.00    0  0.00  52 12 36  4.27 3.30 5.63
   57.40 1935 108.45     0.00    0  0.00  44  9 47  4.27 3.30 5.63
              disk0               disk4       cpu    load average
    KB/t  tps  MB/s     KB/t  tps  MB/s  us sy id   1m   5m   15m
   40.49 1374 54.35     0.00    0  0.00  42  6 52  4.73 3.41 5.66
   39.61 2098 81.16     0.00    0  0.00  53 10 37  4.73 3.41 5.66
   74.79  400 29.24     0.00    0  0.00  33  5 62  4.73 3.41 5.66
  153.41  232 34.82     0.00    0  0.00  33  3 63  4.73 3.41 5.66
   42.57 1072 44.56     0.00    0  0.00  30  4 65  4.73 3.41 5.66
  212.29   84 17.39     0.00    0  0.00  33  6 62  4.43 3.37 5.63
  226.34  148 32.79     0.00    0  0.00  21  6 73  4.43 3.37 5.63
  248.60  132 32.13     0.00    0  0.00  20  4 76  4.43 3.37 5.63
   64.68  973 61.43     0.00    0  0.00  29  6 65  4.43 3.37 5.63
  274.22  170 45.55     0.00    0  0.00  22  5 73  4.43 3.37 5.63
   89.79  218 19.10     0.00    0  0.00  32  6 62  5.19 3.55 5.68
   91.89  377 33.86     0.00    0  0.00  19  4 77  5.19 3.55 5.68
  461.75   71 31.87     0.00    0  0.00  17  4 79  5.19 3.55 5.68
  285.08   59 16.34     0.00    0  0.00  23  5 73  5.19 3.55 5.68
  273.44  111 29.53     0.00    0  0.00  23  5 72  5.19 3.55 5.68
  141.18  321 44.30     0.00    0  0.00  18  4 77  4.94 3.52 5.66
  103.57  353 35.72     0.00    0  0.00  18  4 78  4.94 3.52 5.66
   55.91  366 19.99     0.00    0  0.00  21  5 74  4.94 3.52 5.66
   63.12 1395 86.01     0.00    0  0.00  25  6 69  4.94 3.52 5.66
  168.00  196 32.22     0.00    0  0.00  18  3 80  4.94 3.52 5.66
              disk0               disk4       cpu    load average
    KB/t  tps  MB/s     KB/t  tps  MB/s  us sy id   1m   5m   15m
  177.55   93 16.10     0.00    0  0.00  17  3 80  4.62 3.48 5.63
  178.57  183 31.99     0.00    0  0.00  18  4 79  4.62 3.48 5.63
  171.17  162 27.16     0.00    0  0.00  16  3 81  4.62 3.48 5.63
  193.85  235 44.57     0.00    0  0.00  15  2 83  4.62 3.48 5.63
  306.89   54 16.12     0.00    0  0.00  14  1 85  4.62 3.48 5.63
  411.00   80 31.94     0.00    0  0.00  14  1 85  4.41 3.46 5.61
   50.86  842 41.82     0.00    0  0.00  17  4 79  4.41 3.46 5.61
  106.25  328 34.07     0.00    0  0.00  15  2 83  4.41 3.46 5.61
  198.59   85 16.47     0.00    0  0.00  16  2 82  4.41 3.46 5.61
  455.11   72 31.88     0.00    0  0.00  15  1 84  4.41 3.46 5.61
  298.27  111 32.26     0.00    0  0.00  14  3 83  4.46 3.48 5.61
  241.63   59 13.89     0.00    0  0.00  13  2 85  4.46 3.48 5.61
  191.36  268 50.13     0.00    0  0.00  14  2 84  4.46 3.48 5.61
  225.91  158 34.96     0.00    0  0.00  13  1 86  4.46 3.48 5.61
  104.28  409 41.65     0.00    0  0.00  14  3 83  4.46 3.48 5.61
  234.70   71 16.25     0.00    0  0.00  14  2 85  4.18 3.44 5.58
  334.37   97 31.83     0.00    0  0.00  14  1 85  4.18 3.44 5.58
  312.46  105 32.02     0.00    0  0.00  14  1 85  4.18 3.44 5.58
   87.23  465 39.61     0.00    0  0.00  13  2 85  4.18 3.44 5.58
  146.28  201 28.74     0.00    0  0.00  14  2 84  4.18 3.44 5.58
              disk0               disk4       cpu    load average
    KB/t  tps  MB/s     KB/t  tps  MB/s  us sy id   1m   5m   15m
  134.00  507 66.35     0.00    0  0.00  14  2 84  4.18 3.44 5.58
  350.11   95 32.34     0.00    0  0.00  13  1 85  3.93 3.40 5.55
  324.19  104 32.81     0.00    0  0.00  13  1 86  3.93 3.40 5.55
   97.87  175 16.68     0.00    0  0.00  13  1 85  3.93 3.40 5.55
  185.85  214 38.80     0.00    0  0.00  14  2 85  3.93 3.40 5.55
   83.77 1145 93.65     0.00    0  0.00  18  4 77  3.93 3.40 5.55
  368.99   89 31.96     0.00    0  0.00  18  3 79  3.93 3.41 5.54
   42.66  616 25.66     0.00    0  0.00  19  4 77  3.93 3.41 5.54
  156.14  233 35.53     0.00    0  0.00  14  2 83  3.93 3.41 5.54
  114.92  636 71.39     0.00    0  0.00  14  3 83  3.93 3.41 5.54
  449.15   73 31.94     0.00    0  0.00  18  3 79  3.93 3.41 5.54
   78.88  786 60.54     0.00    0  0.00  17  3 80  3.86 3.40 5.53
  475.13   69 31.94     0.00    0  0.00  14  1 85  3.86 3.40 5.53
  415.44   79 31.91     0.00    0  0.00  13  1 85  3.86 3.40 5.53
  198.56   86 16.63     0.00    0  0.00  14  2 85  3.86 3.40 5.53
  378.21   87 31.99     0.00    0  0.00  13  1 85  3.86 3.40 5.53
  315.42   69 21.22     0.00    0  0.00  15  3 82  3.63 3.36 5.50
  146.32  414 59.12     0.00    0  0.00  13  2 85  3.63 3.36 5.50
  194.90  170 32.45     0.00    0  0.00  14  1 85  3.63 3.36 5.50
  388.09   86 32.43     0.00    0  0.00  13  1 86  3.63 3.36 5.50
              disk0               disk4       cpu    load average
    KB/t  tps  MB/s     KB/t  tps  MB/s  us sy id   1m   5m   15m
  482.35   34 15.96     0.00    0  0.00  13  1 85  3.63 3.36 5.50
  104.29  652 66.37     0.00    0  0.00  15  3 82  3.42 3.32 5.47
  126.57  299 36.91     0.00    0  0.00  15  3 82  3.42 3.32 5.47
  481.88   34 15.93     0.00    0  0.00  14  2 84  3.42 3.32 5.47
   61.70  782 47.09     0.00    0  0.00  12  7 81  3.42 3.32 5.47
   63.00  964 59.30     0.00    0  0.00   6 11 83  3.42 3.32 5.47
   61.28  827 49.48     0.00    0  0.00  11 14 76  4.26 3.50 5.52
   67.67  686 45.31     0.00    0  0.00   8 17 75  4.26 3.50 5.52
   58.82  539 30.98     0.00    0  0.00   8 18 74  4.26 3.50 5.52
   27.71 1055 28.55     0.00    0  0.00  34 34 32  4.26 3.50 5.52
   42.51  600 24.92     0.00    0  0.00  28 29 43  4.26 3.50 5.52
   76.34  283 21.08     0.00    0  0.00  15 21 64  4.16 3.49 5.51
   57.54  183 10.29     0.00    0  0.00  14 21 65  4.16 3.49 5.51
   48.51  125  5.92     0.00    0  0.00  14 20 66  4.16 3.49 5.51
  175.86   58  9.94     0.00    0  0.00   6 22 71  4.16 3.49 5.51
