---------NEW-TRIAL----------
              disk0               disk4       cpu    load average
    KB/t  tps  MB/s     KB/t  tps  MB/s  us sy id   1m   5m   15m
   16.47  344  5.53     8.60    0  0.00  15  5 80  1.81 2.70 4.28
    7.71 1306  9.84     0.00    0  0.00  20  6 74  1.81 2.70 4.28
   15.64   33  0.50     0.00    0  0.00  25  5 70  1.81 2.70 4.28
   26.77  283  7.40     0.00    0  0.00  18  6 76  1.82 2.69 4.26
  464.69   81 36.58     0.00    0  0.00  22  4 75  1.82 2.69 4.26
  135.42  437 57.77     0.00    0  0.00  21  6 73  1.82 2.69 4.26
  223.12  150 32.58     0.00    0  0.00  20  4 76  1.82 2.69 4.26
  182.01  183 32.44     0.00    0  0.00  17  4 79  1.82 2.69 4.26
  362.79  116 40.93     0.00    0  0.00  16  2 82  2.08 2.72 4.27
  260.11  174 44.27     0.00    0  0.00  16  3 81  2.08 2.72 4.27
  256.09  128 32.13     0.00    0  0.00  16  3 81  2.08 2.72 4.27
  334.92  147 48.21     0.00    0  0.00  16  3 80  2.08 2.72 4.27
  398.17   83 32.14     0.00    0  0.00  16  3 81  2.08 2.72 4.27
  443.24   74 31.90     0.00    0  0.00  16  2 82  2.07 2.71 4.25
  411.80   80 32.04     0.00    0  0.00  18  4 78  2.07 2.71 4.25
  397.16  117 45.19     0.00    0  0.00  19  4 78  2.07 2.71 4.25
  459.36  107 47.89     0.00    0  0.00  16  2 82  2.07 2.71 4.25
  325.58  101 31.98     0.00    0  0.00  16  3 81  2.07 2.71 4.25
  125.13  275 33.57     0.00    0  0.00  16  2 82  2.14 2.72 4.24
  391.86   84 32.11     0.00    0  0.00  16  2 81  2.14 2.72 4.24
              disk0               disk4       cpu    load average
    KB/t  tps  MB/s     KB/t  tps  MB/s  us sy id   1m   5m   15m
  155.53  329 50.01     0.00    0  0.00  16  3 82  2.14 2.72 4.24
  279.84   99 26.93     0.00    0  0.00  16  2 82  2.14 2.72 4.24
  487.62   84 39.90     0.00    0  0.00  16  2 82  2.14 2.72 4.24
  491.52  100 47.97     0.00    0  0.00  16  3 81  2.21 2.72 4.24
  455.89   72 31.94     0.00    0  0.00  16  2 82  2.21 2.72 4.24
  225.38  158 34.85     0.00    0  0.00  18  3 80  2.21 2.72 4.24
   47.64 1891 87.98     0.00    0  0.00  18  7 75  2.21 2.72 4.24
   55.98  741 40.53     0.00    0  0.00  18  3 79  2.21 2.72 4.24
  160.15  219 34.21     0.00    0  0.00  17  3 80  2.12 2.69 4.22
  414.78   79 31.88     0.00    0  0.00  16  3 81  2.12 2.69 4.22
  287.70  119 33.36     0.00    0  0.00  19  4 77  2.12 2.69 4.22
  152.45  412 61.37     0.00    0  0.00  23  7 70  2.12 2.69 4.22
   85.51  420 35.07     0.00    0  0.00  21  6 73  2.12 2.69 4.22
  338.08   98 32.24     0.00    0  0.00  21  5 75  2.35 2.73 4.22
  285.23  116 32.44     0.00    0  0.00  15  2 83  2.35 2.73 4.22
  423.86  116 47.84     0.00    0  0.00  18  4 79  2.35 2.73 4.22
  421.08   78 31.93     0.00    0  0.00  21  5 74  2.35 2.73 4.22
  167.36  200 32.73     0.00    0  0.00  20  5 74  2.35 2.73 4.22
   73.98  727 52.49     0.00    0  0.00  25  6 69  2.24 2.70 4.20
  400.63   82 32.04     0.00    0  0.00  18  3 79  2.24 2.70 4.20
              disk0               disk4       cpu    load average
    KB/t  tps  MB/s     KB/t  tps  MB/s  us sy id   1m   5m   15m
  353.81   93 32.06     0.00    0  0.00  18  4 78  2.24 2.70 4.20
  186.93  179 32.71     0.00    0  0.00  18  4 79  2.24 2.70 4.20
  119.52  451 52.68     0.00    0  0.00  18  4 78  2.24 2.70 4.20
  173.82  258 43.78     0.00    0  0.00  29  5 66  2.30 2.71 4.20
  183.16  453 81.05     0.00    0  0.00  27  6 67  2.30 2.71 4.20
  152.77  244 36.40     0.00    0  0.00  26  5 70  2.30 2.71 4.20
  387.15  136 51.58     0.00    0  0.00  19  4 77  2.30 2.71 4.20
  332.16   99 31.96     0.00    0  0.00  20  4 76  2.30 2.71 4.20
  137.20  249 33.38     0.00    0  0.00  18  3 79  2.19 2.68 4.18
  108.94  431 45.85     0.00    0  0.00  28  6 66  2.19 2.68 4.18
  100.10  353 34.48     0.00    0  0.00  19  4 77  2.19 2.68 4.18
  137.25  353 47.25     0.00    0  0.00  20  5 75  2.19 2.68 4.18
  237.08  217 50.26     0.00    0  0.00  20  5 75  2.19 2.68 4.18
  400.78   82 31.96     0.00    0  0.00  17  3 81  2.26 2.68 4.17
   67.64  555 36.64     0.00    0  0.00  16  3 81  2.26 2.68 4.17
  325.83  152 48.48     0.00    0  0.00  18  3 80  2.26 2.68 4.17
  324.47  102 32.19     0.00    0  0.00  18  4 78  2.26 2.68 4.17
  105.90  288 29.76     0.00    0  0.00  18  4 78  2.26 2.68 4.17
  240.94  254 59.79     0.00    0  0.00  18  4 79  2.40 2.70 4.17
  230.72  147 33.11     0.00    0  0.00  18  4 78  2.40 2.70 4.17
              disk0               disk4       cpu    load average
    KB/t  tps  MB/s     KB/t  tps  MB/s  us sy id   1m   5m   15m
  329.52  100 32.04     0.00    0  0.00  18  4 78  2.40 2.70 4.17
  390.10   84 31.87     0.00    0  0.00  19  4 77  2.40 2.70 4.17
  242.06  205 48.49     0.00    0  0.00  18  3 79  2.40 2.70 4.17
  276.67  118 32.00     0.00    0  0.00  16  2 81  2.29 2.68 4.15
  298.75  163 47.69     0.00    0  0.00  19  3 78  2.29 2.68 4.15
  143.18  234 32.70     0.00    0  0.00  21  3 75  2.29 2.68 4.15
  325.70  101 31.98     0.00    0  0.00  21  5 74  2.29 2.68 4.15
  220.64  150 32.42     0.00    0  0.00  22  5 73  2.29 2.68 4.15
  308.19  107 32.07     0.00    0  0.00  21  4 74  2.26 2.66 4.14
  367.04  133 47.83     0.00    0  0.00  25  5 70  2.26 2.66 4.14
  253.76   84 20.72     0.00    0  0.00  22  5 73  2.26 2.66 4.14
  390.95  155 59.34     0.00    0  0.00  22  5 73  2.26 2.66 4.14
  240.20  141 33.16     0.00    0  0.00  22  6 73  2.26 2.66 4.14
  141.05  259 35.68     0.00    0  0.00  19  5 76  2.16 2.64 4.12
  208.05  166 33.66     0.00    0  0.00  20  5 75  2.16 2.64 4.12
  196.54  259 49.77     0.00    0  0.00  22  4 74  2.16 2.64 4.12
  401.76   82 32.05     0.00    0  0.00  20  4 75  2.16 2.64 4.12
  226.47  135 29.94     0.00    0  0.00  27  5 68  2.16 2.64 4.12
   91.01  529 46.97     0.00    0  0.00  21  5 74  2.07 2.61 4.10
  224.83  144 31.71     0.00    0  0.00  28  5 67  2.07 2.61 4.10
              disk0               disk4       cpu    load average
    KB/t  tps  MB/s     KB/t  tps  MB/s  us sy id   1m   5m   15m
  124.92  419 51.14     0.00    0  0.00  25  5 69  2.07 2.61 4.10
  360.35   91 31.87     0.00    0  0.00  22  5 73  2.07 2.61 4.10
  314.63  105 32.14     0.00    0  0.00  21  4 75  2.07 2.61 4.10
  392.17  115 44.22     0.00    0  0.00  21  5 73  2.22 2.63 4.10
   47.83  892 41.65     0.00    0  0.00  24  8 68  2.22 2.63 4.10
   32.91 2545 81.80     0.00    0  0.00  30 13 56  2.22 2.63 4.10
   79.71  468 36.45     0.00    0  0.00  23  5 72  2.22 2.63 4.10
  182.04  183 32.56     0.00    0  0.00  20  5 75  2.22 2.63 4.10
  331.36  100 32.24     0.00    0  0.00  20  5 75  2.28 2.64 4.09
  315.52  183 56.28     0.00    0  0.00  17  4 79  2.28 2.64 4.09
  250.84  134 32.75     0.00    0  0.00  17  4 79  2.28 2.64 4.09
  350.47   94 32.04     0.00    0  0.00  26  7 68  2.28 2.64 4.09
  314.63  105 32.13     0.00    0  0.00  16  4 80  2.28 2.64 4.09
  161.25  318 50.03     0.00    0  0.00  20  5 74  2.18 2.61 4.07
   94.20  370 34.06     0.00    0  0.00  25  5 70  2.18 2.61 4.07
  314.61   95 29.08     0.00    0  0.00  21  4 75  2.18 2.61 4.07
  174.36  363 61.86     0.00    0  0.00  23  6 72  2.18 2.61 4.07
  214.89  154 32.41     0.00    0  0.00  21  4 75  2.18 2.61 4.07
  422.67   78 32.05     0.00    0  0.00  21  4 74  2.09 2.58 4.05
  364.88   91 32.31     0.00    0  0.00  25  6 69  2.09 2.58 4.05
              disk0               disk4       cpu    load average
    KB/t  tps  MB/s     KB/t  tps  MB/s  us sy id   1m   5m   15m
  132.03  262 33.75     0.00    0  0.00  24  6 71  2.09 2.58 4.05
  411.11  121 48.40     0.00    0  0.00  21  6 73  2.09 2.58 4.05
  345.15   59 19.80     0.00    0  0.00  21  5 73  2.09 2.58 4.05
  300.07  165 48.47     0.00    0  0.00  26  5 69  2.16 2.59 4.05
   99.55  726 70.54     0.00    0  0.00  25  7 68  2.16 2.59 4.05
  327.64  101 32.20     0.00    0  0.00  23  6 71  2.16 2.59 4.05
  420.10   78 31.85     0.00    0  0.00  22  5 74  2.16 2.59 4.05
  163.40  211 33.70     0.00    0  0.00  23  5 72  2.16 2.59 4.05
  308.11  107 32.05     0.00    0  0.00  22  5 73  2.07 2.56 4.03
  333.95  113 36.72     0.00    0  0.00  22  5 72  2.07 2.56 4.03
  113.45  418 46.32     0.00    0  0.00  28  6 66  2.07 2.56 4.03
   58.23 1118 63.57     0.00    0  0.00  30  8 62  2.07 2.56 4.03
   23.69 1329 30.76     0.00    0  0.00  44 14 42  2.07 2.56 4.03
  107.99  546 57.55     0.00    0  0.00  40 10 50  2.86 2.72 4.08
  104.21  418 42.54     0.00    0  0.00  41 11 49  2.86 2.72 4.08
   46.08 1176 52.91     0.00    0  0.00  36  8 55  2.86 2.72 4.08
   39.86 1936 75.37     0.00    0  0.00  34 10 55  2.86 2.72 4.08
   62.03 1269 76.89     0.00    0  0.00  46 10 44  2.86 2.72 4.08
   74.81  652 47.63     0.00    0  0.00  40  8 52  4.31 3.02 4.18
   80.70  854 67.29     0.00    0  0.00  40  8 52  4.31 3.02 4.18
              disk0               disk4       cpu    load average
    KB/t  tps  MB/s     KB/t  tps  MB/s  us sy id   1m   5m   15m
   89.27  397 34.62     0.00    0  0.00  40  8 52  4.31 3.02 4.18
   68.87  516 34.71     0.00    0  0.00  41 10 49  4.31 3.02 4.18
  110.08  328 35.22     0.00    0  0.00  39  8 53  4.31 3.02 4.18
   64.78 1239 78.38     0.00    0  0.00  40 12 48  4.45 3.07 4.19
   69.08  855 57.68     0.00    0  0.00  44 12 44  4.45 3.07 4.19
   80.66 1002 78.95     0.00    0  0.00  39  9 52  4.45 3.07 4.19
   74.06 1335 96.54     0.00    0  0.00  42  9 49  4.45 3.07 4.19
   79.99  800 62.49     0.00    0  0.00  40  8 52  4.45 3.07 4.19
  112.38  440 48.29     0.00    0  0.00  40  7 53  5.53 3.32 4.27
   67.11 2239 146.72     0.00    0  0.00  40  9 51  5.53 3.32 4.27
   53.67 1211 63.49     0.00    0  0.00  40  7 53  5.53 3.32 4.27
   63.90  976 60.93     0.00    0  0.00  44  8 48  5.53 3.32 4.27
   79.15  438 33.85     0.00    0  0.00  43  8 49  5.53 3.32 4.27
   79.33  599 46.39     0.00    0  0.00  36  7 57  5.57 3.36 4.28
   40.45 1242 49.07     0.00    0  0.00  35  8 57  5.57 3.36 4.28
   66.80  868 56.61     0.00    0  0.00  36  7 56  5.57 3.36 4.28
   97.80  409 39.03     0.00    0  0.00  39  9 52  5.57 3.36 4.28
  285.23  162 45.24     0.00    0  0.00  29  7 64  5.44 3.37 4.27
  283.01  176 48.69     0.00    0  0.00  26  8 66  5.44 3.37 4.27
   67.11  614 40.22     0.00    0  0.00  22  6 72  5.44 3.37 4.27
              disk0               disk4       cpu    load average
    KB/t  tps  MB/s     KB/t  tps  MB/s  us sy id   1m   5m   15m
  210.90  180 37.10     0.00    0  0.00  28  5 67  5.44 3.37 4.27
  135.26  183 24.22     0.00    0  0.00  28  5 67  5.44 3.37 4.27
  386.34  158 59.71     0.00    0  0.00  22  5 72  5.25 3.37 4.27
   96.58  394 37.11     0.00    0  0.00  27  6 67  5.25 3.37 4.27
  131.93  282 36.30     0.00    0  0.00  46 11 43  5.25 3.37 4.27
  109.16  321 34.20     0.00    0  0.00  37  7 56  5.25 3.37 4.27
   77.45  916 69.26     0.00    0  0.00  38 10 53  5.25 3.37 4.27
   78.98 1132 87.30     0.00    0  0.00  32  8 60  5.15 3.38 4.26
  170.06  205 34.05     0.00    0  0.00  28  6 66  5.15 3.38 4.26
  274.12  163 43.74     0.00    0  0.00  21  5 74  5.15 3.38 4.26
   79.93 1239 96.73     0.00    0  0.00  22  6 72  5.15 3.38 4.26
  117.25  662 75.75     0.00    0  0.00  23  6 71  5.15 3.38 4.26
  194.32  194 36.83     0.00    0  0.00  27  5 68  6.82 3.75 4.39
   90.78  396 35.07     0.00    0  0.00  23  6 71  6.82 3.75 4.39
  333.23  101 32.72     0.00    0  0.00  22  5 73  6.82 3.75 4.39
   70.02 1510 103.28     0.00    0  0.00  23  7 70  6.82 3.75 4.39
   82.55 1144 92.20     0.00    0  0.00  23  6 71  6.82 3.75 4.39
  137.15  528 70.66     0.00    0  0.00  25  6 69  6.43 3.72 4.38
  216.81  166 35.23     0.00    0  0.00  22  5 72  6.43 3.72 4.38
  280.37  120 32.73     0.00    0  0.00  29  6 66  6.43 3.72 4.38
              disk0               disk4       cpu    load average
    KB/t  tps  MB/s     KB/t  tps  MB/s  us sy id   1m   5m   15m
  127.48  368 45.85     0.00    0  0.00  23  5 72  6.43 3.72 4.38
  305.54  109 32.40     0.00    0  0.00  22  5 73  6.43 3.72 4.38
  265.05  110 28.60     0.00    0  0.00  21  5 74  6.08 3.70 4.36
  218.90  265 56.66     0.00    0  0.00  22  6 73  6.08 3.70 4.36
   43.19 3700 156.05     0.00    0  0.00  22  7 71  6.08 3.70 4.36
  274.84  117 31.29     0.00    0  0.00  26  4 70  6.08 3.70 4.36
  341.86  137 45.86     0.00    0  0.00  21  4 75  6.08 3.70 4.36
  385.51   85 31.88     0.00    0  0.00  21  4 74  5.83 3.68 4.35
  377.24   87 31.90     0.00    0  0.00  21  4 75  5.83 3.68 4.35
   70.96  782 54.20     0.00    0  0.00  20  4 75  5.83 3.68 4.35
  369.44   89 31.96     0.00    0  0.00  22  5 74  5.83 3.68 4.35
   84.22  993 81.69     0.00    0  0.00  29  7 63  5.83 3.68 4.35
  348.66  127 43.39     0.00    0  0.00  22  5 72  5.44 3.64 4.33
  365.24   90 31.98     0.00    0  0.00  21  5 74  5.44 3.64 4.33
  242.83  205 48.63     0.00    0  0.00  23  5 72  5.44 3.64 4.33
  266.94  124 32.43     0.00    0  0.00  21  4 75  5.44 3.64 4.33
  122.94  277 33.26     0.00    0  0.00  21  5 74  5.44 3.64 4.33
  175.42  233 39.94     0.00    0  0.00  26  5 70  5.09 3.60 4.31
  291.66  150 42.81     0.00    0  0.00  29  8 63  5.09 3.60 4.31
  121.30  352 41.66     0.00    0  0.00  29  6 64  5.09 3.60 4.31
              disk0               disk4       cpu    load average
    KB/t  tps  MB/s     KB/t  tps  MB/s  us sy id   1m   5m   15m
   31.93 2858 89.12     0.00    0  0.00  26  7 66  5.09 3.60 4.31
  481.88   68 31.88     0.00    0  0.00  22  5 73  5.09 3.60 4.31
  443.68  110 47.87     0.00    0  0.00  22  5 73  4.76 3.55 4.30
  432.21   76 31.96     0.00    0  0.00  22  5 73  4.76 3.55 4.30
   92.98  842 76.46     0.00    0  0.00  27  6 67  4.76 3.55 4.30
  103.45  550 55.56     0.00    0  0.00  22  6 73  4.76 3.55 4.30
  146.61  452 64.70     0.00    0  0.00  22  5 73  4.76 3.55 4.30
  135.69  357 47.27     0.00    0  0.00  21  5 74  4.62 3.54 4.29
  295.32  117 33.87     0.00    0  0.00  27  5 68  4.62 3.54 4.29
  336.28   99 32.39     0.00    0  0.00  22  5 73  4.62 3.54 4.29
   29.68 2707 78.48     0.00    0  0.00  26  7 68  4.62 3.54 4.29
   82.24  930 74.66     0.00    0  0.00  23  7 70  4.62 3.54 4.29
  106.22  630 65.35     0.00    0  0.00  22  5 73  4.49 3.53 4.28
  126.06  459 56.54     0.00    0  0.00  21  5 74  4.49 3.53 4.28
  377.07  119 43.98     0.00    0  0.00  27  5 68  4.49 3.53 4.28
  282.41  118 32.42     0.00    0  0.00  22  5 73  4.49 3.53 4.28
  455.22   72 31.86     0.00    0  0.00  22  5 73  4.49 3.53 4.28
  463.85  106 47.84     0.00    0  0.00  23  5 72  4.29 3.51 4.27
  300.76  109 32.16     0.00    0  0.00  28  5 67  4.29 3.51 4.27
  126.88  268 33.21     0.00    0  0.00  20  5 75  4.29 3.51 4.27
              disk0               disk4       cpu    load average
    KB/t  tps  MB/s     KB/t  tps  MB/s  us sy id   1m   5m   15m
  126.75  545 67.52     0.00    0  0.00  21  6 73  4.29 3.51 4.27
   82.57 1244 100.34     0.00    0  0.00  21  6 73  4.29 3.51 4.27
  300.18  109 32.10     0.00    0  0.00  22  5 73  4.19 3.50 4.26
  140.06  374 51.11     0.00    0  0.00  21  5 74  4.19 3.50 4.26
   68.81  960 64.48     0.00    0  0.00  30  6 64  4.19 3.50 4.26
   79.58  467 36.32     0.00    0  0.00  22  5 73  4.19 3.50 4.26
   78.38  830 63.54     0.00    0  0.00  23  7 70  4.19 3.50 4.26
  156.21  319 48.64     0.00    0  0.00  28  6 66  4.17 3.51 4.26
  455.17   72 31.86     0.00    0  0.00  21  5 74  4.17 3.51 4.26
   76.91 1065 80.00     0.00    0  0.00  23  6 72  4.17 3.51 4.26
   62.52  607 37.07     0.00    0  0.00  24  5 70  4.17 3.51 4.26
  347.49   95 32.12     0.00    0  0.00  24  5 71  4.17 3.51 4.26
  355.10   93 32.10     0.00    0  0.00  20  5 75  4.24 3.53 4.26
   44.28 1484 64.15     0.00    0  0.00  26  7 67  4.24 3.53 4.26
   91.43 1458 130.21     0.00    0  0.00  20  6 74  4.24 3.53 4.26
  295.25  111 32.12     0.00    0  0.00  26  5 69  4.24 3.53 4.26
  194.99  170 32.46     0.00    0  0.00  23  5 72  4.24 3.53 4.26
  244.74  151 36.20     0.00    0  0.00  27  4 69  4.30 3.56 4.26
  165.85  314 50.78     0.00    0  0.00  22  5 74  4.30 3.56 4.26
  261.89  127 32.36     0.00    0  0.00  28  5 67  4.30 3.56 4.26
              disk0               disk4       cpu    load average
    KB/t  tps  MB/s     KB/t  tps  MB/s  us sy id   1m   5m   15m
  199.21  140 27.30     0.00    0  0.00  21  5 74  4.30 3.56 4.26
   99.93   55  5.35     0.00    0  0.00  19 12 69  4.30 3.56 4.26
  232.89   18  4.07     0.00    0  0.00  19 13 68  4.59 3.63 4.29
  114.75   16  1.79     0.00    0  0.00  25 10 65  4.59 3.63 4.29
   16.97 1254 20.77     0.00    0  0.00  17 11 72  4.59 3.63 4.29
   12.20   20  0.24     0.00    0  0.00  18  7 76  4.59 3.63 4.29
    0.00    0  0.00     0.00    0  0.00  11  6 84  4.59 3.63 4.29
    0.00    0  0.00     0.00    0  0.00  11  6 83  4.71 3.67 4.30
    4.00    9  0.03     0.00    0  0.00  10  5 85  4.71 3.67 4.30
    9.06  293  2.59     0.00    0  0.00   8  6 86  4.71 3.67 4.30
   27.23  160  4.26     0.00    0  0.00  11  7 82  4.71 3.67 4.30
   16.00    1  0.02     0.00    0  0.00  18  6 75  4.71 3.67 4.30
    8.86   14  0.12     0.00    0  0.00  21  6 73  4.81 3.71 4.31
   20.00    8  0.16     0.00    0  0.00  12  5 83  4.81 3.71 4.31
    0.00    0  0.00     0.00    0  0.00  14  5 81  4.81 3.71 4.31
    8.29   14  0.11     0.00    0  0.00  12  6 83  4.81 3.71 4.31
   21.37  498 10.39     0.00    0  0.00  17  6 77  4.81 3.71 4.31
    0.00    0  0.00     0.00    0  0.00  11  6 83  4.91 3.74 4.31
    0.00    0  0.00     0.00    0  0.00  17  6 77  4.91 3.74 4.31
   20.75   85  1.72     0.00    0  0.00  12  6 83  4.91 3.74 4.31
              disk0               disk4       cpu    load average
    KB/t  tps  MB/s     KB/t  tps  MB/s  us sy id   1m   5m   15m
    4.00    1  0.00     0.00    0  0.00  17  6 77  4.91 3.74 4.31
   10.00    4  0.04     0.00    0  0.00  16  6 77  4.91 3.74 4.31
   34.00    2  0.07     0.00    0  0.00  20  6 73  4.75 3.73 4.31
   10.00    8  0.08     0.00    0  0.00  12  6 82  4.75 3.73 4.31
    8.00    2  0.02     0.00    0  0.00  12  6 83  4.75 3.73 4.31
    0.00    0  0.00     0.00    0  0.00  14  6 80  4.75 3.73 4.31
    5.38   78  0.41     0.00    0  0.00  14  5 80  4.75 3.73 4.31
   15.69   13  0.20     0.00    0  0.00   9  6 85  4.61 3.72 4.30
   10.00    8  0.08     0.00    0  0.00  10  5 85  4.61 3.72 4.30
   14.50    8  0.11     0.00    0  0.00  11  5 84  4.61 3.72 4.30
    0.00    0  0.00     0.00    0  0.00  12  5 82  4.61 3.72 4.30
    0.00    0  0.00     0.00    0  0.00  16  6 78  4.61 3.72 4.30
   11.11    9  0.10     0.00    0  0.00  12  6 82  4.32 3.67 4.28
   10.00    8  0.08     0.00    0  0.00  12  6 81  4.32 3.67 4.28
   10.00    8  0.08     0.00    0  0.00  11  6 83  4.32 3.67 4.28
   10.00    8  0.08     0.00    0  0.00  12  6 82  4.32 3.67 4.28
    0.00    0  0.00     0.00    0  0.00  13  6 81  4.32 3.67 4.28
    0.00    0  0.00     0.00    0  0.00  12  6 82  4.46 3.71 4.29
    0.00    0  0.00     0.00    0  0.00  18  6 77  4.46 3.71 4.29
   17.75  136  2.37     0.00    0  0.00  11  6 83  4.46 3.71 4.29
              disk0               disk4       cpu    load average
    KB/t  tps  MB/s     KB/t  tps  MB/s  us sy id   1m   5m   15m
   30.80   20  0.60     0.00    0  0.00  13  6 81  4.46 3.71 4.29
   10.00    8  0.08     0.00    0  0.00  12  7 82  4.46 3.71 4.29
   16.00    9  0.14     0.00    0  0.00  11  6 83  4.18 3.67 4.27
   64.00    2  0.12     0.00    0  0.00  12  6 82  4.18 3.67 4.27
   64.00    3  0.19     0.00    0  0.00  11  6 83  4.18 3.67 4.27
   48.00    1  0.05     0.00    0  0.00  16  5 79  4.18 3.67 4.27
    5.66  111  0.61     0.00    0  0.00   7  4 88  4.18 3.67 4.27
    0.00    0  0.00     0.00    0  0.00   8  5 88  3.84 3.61 4.24
    0.00    0  0.00     0.00    0  0.00   6  4 90  3.84 3.61 4.24
   10.00    8  0.08     0.00    0  0.00   8  4 88  3.84 3.61 4.24
    7.00   16  0.11     0.00    0  0.00  10  5 85  3.84 3.61 4.24
    0.00    0  0.00     0.00    0  0.00   9  5 86  3.84 3.61 4.24
    0.00    0  0.00     0.00    0  0.00  11  6 84  3.70 3.58 4.23
   10.67   21  0.22     0.00    0  0.00  10  6 84  3.70 3.58 4.23
   64.00    1  0.06     0.00    0  0.00  18  6 77  3.70 3.58 4.23
    0.00    0  0.00     0.00    0  0.00  10  5 85  3.70 3.58 4.23
    6.22   72  0.44     0.00    0  0.00  12  6 82  3.70 3.58 4.23
    7.68   50  0.37     0.00    0  0.00  17  6 77  3.48 3.54 4.21
    0.00    0  0.00     0.00    0  0.00   9  6 85  3.48 3.54 4.21
    0.00    0  0.00     0.00    0  0.00  11  6 83  3.48 3.54 4.21
              disk0               disk4       cpu    load average
    KB/t  tps  MB/s     KB/t  tps  MB/s  us sy id   1m   5m   15m
    5.20   10  0.05     0.00    0  0.00  11  6 83  3.48 3.54 4.21
    0.00    0  0.00     0.00    0  0.00  17  5 78  3.48 3.54 4.21
   10.00    8  0.08     0.00    0  0.00  11  5 84  3.68 3.58 4.22
   10.00    8  0.08     0.00    0  0.00  10  6 84  3.68 3.58 4.22
    0.00    0  0.00     0.00    0  0.00  11  6 83  3.68 3.58 4.22
   16.88 1066 17.57     0.00    0  0.00  16  9 75  3.68 3.58 4.22
    9.74   46  0.44     0.00    0  0.00  12  6 82  3.68 3.58 4.22
    0.00    0  0.00     0.00    0  0.00  16  5 78  3.79 3.60 4.23
   54.32   50  2.64     0.00    0  0.00  11  6 83  3.79 3.60 4.23
   14.96  172  2.52     0.00    0  0.00  10  6 84  3.79 3.60 4.23
   10.00    8  0.08     0.00    0  0.00  10  6 84  3.79 3.60 4.23
    0.00    0  0.00     0.00    0  0.00  12  5 83  3.79 3.60 4.23
    0.00    0  0.00     0.00    0  0.00  10  6 84  3.88 3.62 4.23
    0.00    0  0.00     0.00    0  0.00  11  6 83  3.88 3.62 4.23
    0.00    0  0.00     0.00    0  0.00   7  4 89  3.88 3.62 4.23
    4.00    4  0.02     0.00    0  0.00  17  5 78  3.88 3.62 4.23
    5.85  106  0.60     0.00    0  0.00   9  5 86  3.88 3.62 4.23
    4.55   51  0.23     0.00    0  0.00  10  5 85  3.73 3.60 4.22
   27.05 3388 89.49     0.00    0  0.00  23 12 65  3.73 3.60 4.22
   16.88 1149 18.94     0.00    0  0.00  14  7 78  3.73 3.60 4.22
              disk0               disk4       cpu    load average
    KB/t  tps  MB/s     KB/t  tps  MB/s  us sy id   1m   5m   15m
   20.80  481  9.78     0.00    0  0.00  13  7 81  3.73 3.60 4.22
   14.00    6  0.08     0.00    0  0.00  16  5 79  3.73 3.60 4.22
    0.00    0  0.00     0.00    0  0.00  10  6 85  3.67 3.59 4.21
   10.00    8  0.08     0.00    0  0.00  11  6 83  3.67 3.59 4.21
   16.00    1  0.02     0.00    0  0.00   9  5 85  3.67 3.59 4.21
    0.00    0  0.00     0.00    0  0.00  12  6 81  3.67 3.59 4.21
    5.36   88  0.46     0.00    0  0.00   8  5 88  3.67 3.59 4.21
    4.00    4  0.02     0.00    0  0.00   6  4 91  3.46 3.54 4.19
    8.00    7  0.05     0.00    0  0.00   4  2 93  3.46 3.54 4.19
    0.00    0  0.00     0.00    0  0.00   4  2 94  3.46 3.54 4.19
    5.33    3  0.02     0.00    0  0.00   6  3 90  3.46 3.54 4.19
   64.00    2  0.12     0.00    0  0.00  12  5 83  3.46 3.54 4.19
   22.40   25  0.55     0.00    0  0.00  14  6 80  3.26 3.50 4.17
   10.00    8  0.08     0.00    0  0.00  11  5 83  3.26 3.50 4.17
   10.00    8  0.08     0.00    0  0.00  10  6 84  3.26 3.50 4.17
    6.00   24  0.14     0.00    0  0.00  11  6 82  3.26 3.50 4.17
    0.00    0  0.00     0.00    0  0.00  11  6 83  3.26 3.50 4.17
    0.00    0  0.00     0.00    0  0.00  11  6 83  3.16 3.48 4.16
    6.00   14  0.08     0.00    0  0.00  12  6 82  3.16 3.48 4.16
   18.26 1035 18.45     0.00    0  0.00  20 11 69  3.16 3.48 4.16
              disk0               disk4       cpu    load average
    KB/t  tps  MB/s     KB/t  tps  MB/s  us sy id   1m   5m   15m
    9.36  516  4.71     0.00    0  0.00  18  8 74  3.16 3.48 4.16
   77.14    7  0.53     0.00    0  0.00  13  6 81  3.16 3.48 4.16
   24.00   16  0.37     0.00    0  0.00  17  4 79  2.99 3.43 4.14
   62.92   26  1.59     0.00    0  0.00  11  5 84  2.99 3.43 4.14
    0.00    0  0.00     0.00    0  0.00  10  6 84  2.99 3.43 4.14
   14.60   20  0.28     0.00    0  0.00  11  5 84  2.99 3.43 4.14
    5.27  274  1.41     0.00    0  0.00   8  4 88  2.99 3.43 4.14
    4.00   23  0.09     0.00    0  0.00   3  2 96  2.91 3.41 4.13
    7.45   22  0.16     0.00    0  0.00   8  4 89  2.91 3.41 4.13
   10.68   88  0.92     0.00    0  0.00   9  4 87  2.91 3.41 4.13
    0.00    0  0.00     0.00    0  0.00   7  5 89  2.91 3.41 4.13
   42.73 3249 135.61     0.00    0  0.00  12  7 81  2.91 3.41 4.13
   40.72 3614 143.72     0.00    0  0.00  18  7 75  3.08 3.44 4.13
   15.97 5663 88.34     0.00    0  0.00  16  4 80  3.08 3.44 4.13
   17.70 6269 108.33     0.00    0  0.00  16  4 80  3.08 3.44 4.13
   16.10 2891 45.47     0.00    0  0.00  23  7 69  3.08 3.44 4.13
   13.27 1097 14.22     0.00    0  0.00  32 10 57  3.08 3.44 4.13
   15.60  559  8.51     0.00    0  0.00  28  9 63  2.91 3.40 4.11
   16.12  403  6.35     0.00    0  0.00  28  9 63  2.91 3.40 4.11
   15.48  307  4.64     0.00    0  0.00  25  7 67  2.91 3.40 4.11
              disk0               disk4       cpu    load average
    KB/t  tps  MB/s     KB/t  tps  MB/s  us sy id   1m   5m   15m
   15.09  369  5.44     0.00    0  0.00  26  7 67  2.91 3.40 4.11
   17.16  628 10.52     0.00    0  0.00  27  9 64  2.91 3.40 4.11
   14.19 1070 14.83     0.00    0  0.00  13  3 84  2.84 3.37 4.10
    0.00    0  0.00     0.00    0  0.00   6  3 92  2.84 3.37 4.10
    7.37   63  0.45     0.00    0  0.00   5  2 93  2.84 3.37 4.10
   48.00    4  0.19     0.00    0  0.00  11  6 83  2.84 3.37 4.10
    8.62   58  0.49     0.00    0  0.00   8  6 86  2.84 3.37 4.10
   34.67    6  0.20     0.00    0  0.00   6  4 89  2.69 3.33 4.08
   22.27   30  0.65     0.00    0  0.00  10  6 84  2.69 3.33 4.08
   11.60  401  4.54     0.00    0  0.00  10  7 83  2.69 3.33 4.08
    7.62   21  0.16     0.00    0  0.00  14  7 79  2.69 3.33 4.08
   46.03   61  2.74     0.00    0  0.00  13  6 82  2.69 3.33 4.08
   19.20    5  0.09     0.00    0  0.00  10  4 86  2.55 3.29 4.06
    0.00    0  0.00     0.00    0  0.00   7  3 90  2.55 3.29 4.06
    0.00    0  0.00     0.00    0  0.00  14  5 82  2.55 3.29 4.06
   32.00    3  0.09     0.00    0  0.00   8  4 88  2.55 3.29 4.06
    5.77  124  0.70     0.00    0  0.00  10  4 86  2.55 3.29 4.06
   39.20    5  0.19     0.00    0  0.00   7  3 89  2.35 3.24 4.04
   27.69   52  1.40     0.00    0  0.00   7  3 90  2.35 3.24 4.04
   21.33   15  0.31     0.00    0  0.00   7  4 90  2.35 3.24 4.04
              disk0               disk4       cpu    load average
    KB/t  tps  MB/s     KB/t  tps  MB/s  us sy id   1m   5m   15m
    9.56  104  0.98     0.00    0  0.00   5  2 93  2.35 3.24 4.04
   25.33    6  0.15     0.00    0  0.00   8  3 89  2.35 3.24 4.04
   82.29    7  0.56     0.00    0  0.00   6  3 91  2.40 3.23 4.03
    0.00    0  0.00     0.00    0  0.00   7  4 90  2.40 3.23 4.03
    0.00    0  0.00     0.00    0  0.00   6  3 91  2.40 3.23 4.03
   15.37   70  1.05     0.00    0  0.00   9  4 87  2.40 3.23 4.03
    5.44   61  0.32     0.00    0  0.00   3  2 95  2.40 3.23 4.03
   64.00    2  0.12     0.00    0  0.00  10  6 84  2.45 3.23 4.03
   29.07   15  0.42     0.00    0  0.00  11  6 83  2.45 3.23 4.03
   11.22   46  0.50     0.00    0  0.00  10  6 84  2.45 3.23 4.03
   22.50   24  0.52     0.00    0  0.00  11  6 83  2.45 3.23 4.03
    6.29   98  0.60     0.00    0  0.00   8  5 87  2.45 3.23 4.03
   64.00    2  0.12     0.00    0  0.00   6  4 90  2.33 3.19 4.01
    0.00    0  0.00     0.00    0  0.00   6  4 91  2.33 3.19 4.01
   19.82  133  2.58     0.00    0  0.00  11  6 83  2.33 3.19 4.01
   20.29  735 14.56     0.00    0  0.00  15  7 78  2.33 3.19 4.01
   25.90  771 19.51     0.00    0  0.00  11  9 81  2.33 3.19 4.01
   24.62   26  0.62     0.00    0  0.00  10  5 85  2.55 3.22 4.02
    9.96  513  4.98     0.00    0  0.00  10  5 85  2.55 3.22 4.02
  112.00    1  0.11     0.00    0  0.00   9  5 87  2.55 3.22 4.02
              disk0               disk4       cpu    load average
    KB/t  tps  MB/s     KB/t  tps  MB/s  us sy id   1m   5m   15m
   10.70  141  1.47     0.00    0  0.00   7  4 89  2.55 3.22 4.02
    0.00    0  0.00     0.00    0  0.00   4  2 94  2.55 3.22 4.02
    0.00    0  0.00     0.00    0  0.00   5  3 92  2.42 3.19 4.00
    5.20   10  0.05     0.00    0  0.00   5  3 92  2.42 3.19 4.00
    4.00    8  0.03     0.00    0  0.00   5  3 92  2.42 3.19 4.00
   31.21  996 30.36     0.00    0  0.00  10  5 85  2.42 3.19 4.00
    5.54  183  0.99     0.00    0  0.00  10  5 84  2.42 3.19 4.00
   64.00    1  0.06     0.00    0  0.00  11  6 83  2.63 3.22 4.00
    8.87   23  0.20     0.00    0  0.00   6  3 91  2.63 3.22 4.00
    0.00    0  0.00     0.00    0  0.00   3  2 96  2.63 3.22 4.00
    4.68   53  0.24     0.00    0  0.00   5  3 93  2.63 3.22 4.00
    0.00    0  0.00     0.00    0  0.00  10  5 85  2.63 3.22 4.00
   10.57  220  2.27     0.00    0  0.00  11  8 81  2.58 3.20 3.99
   14.88   86  1.24     0.00    0  0.00  22  6 72  2.58 3.20 3.99
    5.93  110  0.63     0.00    0  0.00   6  3 91  2.58 3.20 3.99
    0.00    0  0.00     0.00    0  0.00   5  4 91  2.58 3.20 3.99
    6.04   47  0.28     0.00    0  0.00   2  1 97  2.58 3.20 3.99
    0.00    0  0.00     0.00    0  0.00   2  1 97  2.45 3.16 3.97
    4.00    1  0.00     0.00    0  0.00   2  1 97  2.45 3.16 3.97
    0.00    0  0.00     0.00    0  0.00  10  6 84  2.45 3.16 3.97
              disk0               disk4       cpu    load average
    KB/t  tps  MB/s     KB/t  tps  MB/s  us sy id   1m   5m   15m
    4.00    1  0.00     0.00    0  0.00   7  4 89  2.45 3.16 3.97
    0.00    0  0.00     0.00    0  0.00   6  4 90  2.45 3.16 3.97
    0.00    0  0.00     0.00    0  0.00   5  3 91  2.25 3.11 3.95
   17.33    3  0.05     0.00    0  0.00   6  4 90  2.25 3.11 3.95
    0.00    0  0.00     0.00    0  0.00   2  1 97  2.25 3.11 3.95
    4.48   92  0.40     0.00    0  0.00   3  1 96  2.25 3.11 3.95
    0.00    0  0.00     0.00    0  0.00   2  1 97  2.25 3.11 3.95
    0.00    0  0.00     0.00    0  0.00   3  2 95  2.07 3.05 3.93
   15.65  251  3.83     0.00    0  0.00   3  3 94  2.07 3.05 3.93
    0.00    0  0.00     0.00    0  0.00   4  3 93  2.07 3.05 3.93
    0.00    0  0.00     0.00    0  0.00   9  5 86  2.07 3.05 3.93
   19.20   30  0.56     0.00    0  0.00  12  6 82  2.07 3.05 3.93
   64.00    1  0.06     0.00    0  0.00  11  6 83  2.07 3.04 3.92
    0.00    0  0.00     0.00    0  0.00  13  6 81  2.07 3.04 3.92
    0.00    0  0.00     0.00    0  0.00   8  4 89  2.07 3.04 3.92
    0.00    0  0.00     0.00    0  0.00   5  3 92  2.07 3.04 3.92
    5.98  104  0.61     0.00    0  0.00   8  4 88  2.07 3.04 3.92
    0.00    0  0.00     0.00    0  0.00  15  6 79  2.06 3.02 3.90
   64.00    4  0.25     0.00    0  0.00  11  6 83  2.06 3.02 3.90
    9.87   30  0.29     0.00    0  0.00  13  6 80  2.06 3.02 3.90
              disk0               disk4       cpu    load average
    KB/t  tps  MB/s     KB/t  tps  MB/s  us sy id   1m   5m   15m
    0.00    0  0.00     0.00    0  0.00  12  6 81  2.06 3.02 3.90
   35.74  106  3.68     0.00    0  0.00  17  7 76  2.06 3.02 3.90
   19.35  123  2.32     0.00    0  0.00  12  6 82  2.22 3.04 3.90
   49.00    4  0.19     0.00    0  0.00  11  6 83  2.22 3.04 3.90
   20.00    6  0.12     0.00    0  0.00  11  5 84  2.22 3.04 3.90
    0.00    0  0.00     0.00    0  0.00  11  6 83  2.22 3.04 3.90
    5.54   57  0.31     0.00    0  0.00  10  5 85  2.22 3.04 3.90
    0.00    0  0.00     0.00    0  0.00   8  4 88  2.28 3.03 3.90
    0.00    0  0.00     0.00    0  0.00   2  1 97  2.28 3.03 3.90
   32.00    4  0.12     0.00    0  0.00   2  1 96  2.28 3.03 3.90
   52.00   12  0.61     0.00    0  0.00  10  6 84  2.28 3.03 3.90
   12.67   54  0.67     0.00    0  0.00   8  5 88  2.28 3.03 3.90
    0.00    0  0.00     0.00    0  0.00   3  2 95  2.34 3.03 3.89
    6.00   16  0.09     0.00    0  0.00   2  1 97  2.34 3.03 3.89
   42.67    3  0.12     0.00    0  0.00   8  4 88  2.34 3.03 3.89
    0.00    0  0.00     0.00    0  0.00   9  5 86  2.34 3.03 3.89
    0.00    0  0.00     0.00    0  0.00   4  3 93  2.34 3.03 3.89
    0.00    0  0.00     0.00    0  0.00  10  5 85  2.15 2.98 3.87
   15.61  111  1.70     0.00    0  0.00  10  5 85  2.15 2.98 3.87
   10.00    2  0.02     0.00    0  0.00  10  5 86  2.15 2.98 3.87
              disk0               disk4       cpu    load average
    KB/t  tps  MB/s     KB/t  tps  MB/s  us sy id   1m   5m   15m
    0.00    0  0.00     0.00    0  0.00  12  6 83  2.15 2.98 3.87
    0.00    0  0.00     0.00    0  0.00   3  2 96  2.15 2.98 3.87
    0.00    0  0.00     0.00    0  0.00   6  4 90  2.06 2.95 3.85
   64.00   10  0.62     0.00    0  0.00  12  5 83  2.06 2.95 3.85
    0.00    0  0.00     0.00    0  0.00  12  4 84  2.06 2.95 3.85
   16.00    1  0.02     0.00    0  0.00   3  3 95  2.06 2.95 3.85
    5.62   98  0.54     0.00    0  0.00   5  3 92  2.06 2.95 3.85
    5.60   15  0.08     0.00    0  0.00  10  6 84  2.05 2.93 3.84
    7.83   24  0.18     0.00    0  0.00   5  4 91  2.05 2.93 3.84
    0.00    0  0.00     0.00    0  0.00   2  1 96  2.05 2.93 3.84
   16.00   14  0.22     0.00    0  0.00   7  4 89  2.05 2.93 3.84
   16.00    6  0.09     0.00    0  0.00   5  3 91  2.05 2.93 3.84
   12.91   44  0.55     0.00    0  0.00   7  4 89  1.89 2.88 3.82
   31.11    9  0.27     0.00    0  0.00  12  6 82  1.89 2.88 3.82
   28.75  132  3.72     0.00    0  0.00  14  8 78  1.89 2.88 3.82
   24.20   20  0.47     0.00    0  0.00  15  7 77  1.89 2.88 3.82
    8.16  200  1.60     0.00    0  0.00  14  6 81  1.89 2.88 3.82
   12.33   84  1.01     0.00    0  0.00  10  4 86  1.82 2.85 3.80
   14.22  154  2.15     0.00    0  0.00  12  5 83  1.82 2.85 3.80
    8.96   67  0.58     0.00    0  0.00  13  6 81  1.82 2.85 3.80
              disk0               disk4       cpu    load average
    KB/t  tps  MB/s     KB/t  tps  MB/s  us sy id   1m   5m   15m
   13.60   15  0.20     0.00    0  0.00   7  4 90  1.82 2.85 3.80
   34.86    7  0.24     0.00    0  0.00   9  5 87  1.82 2.85 3.80
   11.73   15  0.17     0.00    0  0.00   9  3 88  1.75 2.82 3.79
   43.11    9  0.38     0.00    0  0.00  10  6 84  1.75 2.82 3.79
   34.00    2  0.07     0.00    0  0.00   9  5 86  1.75 2.82 3.79
   31.38   39  1.19     0.00    0  0.00   4  2 94  1.75 2.82 3.79
   64.00    3  0.19     0.00    0  0.00   4  2 94  1.75 2.82 3.79
    0.00    0  0.00     0.00    0  0.00   3  2 95  1.69 2.79 3.77
   13.39  230  3.01     0.00    0  0.00   4  3 93  1.69 2.79 3.77
   48.00    4  0.19     0.00    0  0.00   3  2 96  1.69 2.79 3.77
    5.12   32  0.16     0.00    0  0.00   8  5 87  1.69 2.79 3.77
   64.00    1  0.06     0.00    0  0.00   7  5 88  1.69 2.79 3.77
   61.63   27  1.62     0.00    0  0.00   8  3 89  1.71 2.78 3.76
   15.64   11  0.17     0.00    0  0.00   4  3 94  1.71 2.78 3.76
   11.12  122  1.33     0.00    0  0.00   8  5 88  1.71 2.78 3.76
   25.25   16  0.39     0.00    0  0.00  13  6 81  1.71 2.78 3.76
    6.42   91  0.57     0.00    0  0.00   6  3 91  1.71 2.78 3.76
   30.46   13  0.38     0.00    0  0.00  16  6 78  1.58 2.73 3.74
   25.19   84  2.06     0.00    0  0.00   8  5 87  1.58 2.73 3.74
    0.00    0  0.00     0.00    0  0.00   7  4 89  1.58 2.73 3.74
              disk0               disk4       cpu    load average
    KB/t  tps  MB/s     KB/t  tps  MB/s  us sy id   1m   5m   15m
   32.00    2  0.06     0.00    0  0.00   3  2 94  1.58 2.73 3.74
   11.59   79  0.89     0.00    0  0.00   7  4 89  1.58 2.73 3.74
   16.57   70  1.13     0.00    0  0.00   8  4 88  1.61 2.72 3.73
   20.53   15  0.30     0.00    0  0.00  10  6 84  1.61 2.72 3.73
   10.07   29  0.28     0.00    0  0.00  10  5 86  1.61 2.72 3.73
    0.00    0  0.00     0.00    0  0.00   4  2 94  1.61 2.72 3.73
    5.29   89  0.46     0.00    0  0.00   4  2 93  1.61 2.72 3.73
   15.63   87  1.32     0.00    0  0.00  13  4 83  1.48 2.67 3.70
   42.67    6  0.25     0.00    0  0.00  12  6 82  1.48 2.67 3.70
    6.49  924  5.86     0.00    0  0.00  10  4 86  1.48 2.67 3.70
    8.73  152  1.30     0.00    0  0.00  26  7 67  1.48 2.67 3.70
   15.33   83  1.24     0.00    0  0.00  18  4 78  1.48 2.67 3.70
  166.47  226 36.75     0.00    0  0.00  20  5 75  1.68 2.70 3.71
  401.84  113 44.16     0.00    0  0.00  17  3 81  1.68 2.70 3.71
  410.40   80 31.93     0.00    0  0.00  22  5 73  1.68 2.70 3.71
  410.13  120 47.86     0.00    0  0.00  17  4 80  1.68 2.70 3.71
   35.79 1157 40.45     0.00    0  0.00  19  4 77  1.68 2.70 3.71
  358.44  105 36.58     0.00    0  0.00  22  4 73  1.71 2.68 3.70
  173.55  304 51.50     0.00    0  0.00  21  5 74  1.71 2.68 3.70
  440.53   75 32.12     0.00    0  0.00  18  4 78  1.71 2.68 3.70
              disk0               disk4       cpu    load average
    KB/t  tps  MB/s     KB/t  tps  MB/s  us sy id   1m   5m   15m
  461.52   71 31.88     0.00    0  0.00  16  3 82  1.71 2.68 3.70
  432.21   76 31.93     0.00    0  0.00  21  4 75  1.71 2.68 3.70
  244.93  137 32.65     0.00    0  0.00  24  6 70  1.73 2.67 3.69
  198.33  183 35.49     0.00    0  0.00  21  6 74  1.73 2.67 3.69
  116.85  594 67.81     0.00    0  0.00  28  6 66  1.73 2.67 3.69
  178.29  200 34.87     0.00    0  0.00  20  4 76  1.73 2.67 3.69
  111.88  311 33.95     0.00    0  0.00  17  3 80  1.73 2.67 3.69
  431.37   76 31.88     0.00    0  0.00  15  2 82  1.83 2.68 3.68
  171.47  197 33.02     0.00    0  0.00  15  2 83  1.83 2.68 3.68
  317.38  144 44.76     0.00    0  0.00  18  3 79  1.83 2.68 3.68
  276.83  144 39.04     0.00    0  0.00  18  5 77  1.83 2.68 3.68
  426.34   77 31.93     0.00    0  0.00  16  4 80  1.83 2.68 3.68
  201.26  164 32.30     0.00    0  0.00  20  3 77  1.93 2.68 3.68
  354.75  118 40.83     0.00    0  0.00  16  3 82  1.93 2.68 3.68
  169.85  256 42.46     0.00    0  0.00  16  3 81  1.93 2.68 3.68
  406.96   81 32.15     0.00    0  0.00  17  3 80  1.93 2.68 3.68
  351.80  142 48.70     0.00    0  0.00  16  2 82  1.93 2.68 3.68
  264.61  124 32.17     0.00    0  0.00  13  2 85  1.85 2.65 3.66
  377.06   87 31.89     0.00    0  0.00  14  2 84  1.85 2.65 3.66
  180.15  259 45.52     0.00    0  0.00  13  3 84  1.85 2.65 3.66
              disk0               disk4       cpu    load average
    KB/t  tps  MB/s     KB/t  tps  MB/s  us sy id   1m   5m   15m
  127.25  410 50.93     0.00    0  0.00  14  2 84  1.85 2.65 3.66
  442.81   74 31.92     0.00    0  0.00  14  1 85  1.85 2.65 3.66
  436.96   75 31.84     0.00    0  0.00  13  1 85  1.78 2.63 3.64
  381.72   86 32.01     0.00    0  0.00  14  1 85  1.78 2.63 3.64
  410.20  120 47.88     0.00    0  0.00  14  1 85  1.78 2.63 3.64
  364.48   58 20.59     0.00    0  0.00  13  1 86  1.78 2.63 3.64
  406.37  149 59.33     0.00    0  0.00  13  1 85  1.78 2.63 3.64
  358.70   92 32.11     0.00    0  0.00  13  1 85  1.72 2.60 3.63
  102.79  346 34.77     0.00    0  0.00  16  4 81  1.72 2.60 3.63
  305.28  109 32.36     0.00    0  0.00  16  3 81  1.72 2.60 3.63
  396.90  123 47.86     0.00    0  0.00  17  3 80  1.72 2.60 3.63
  368.93   90 32.29     0.00    0  0.00  18  4 78  1.72 2.60 3.63
  282.91  161 44.60     0.00    0  0.00  23  4 73  1.66 2.57 3.61
  392.19   84 32.13     0.00    0  0.00  14  1 85  1.66 2.57 3.61
   36.96 1128 40.71     0.00    0  0.00  22  5 73  1.66 2.57 3.61
  390.51  126 47.87     0.00    0  0.00  14  2 84  1.66 2.57 3.61
  154.15  217 32.66     0.00    0  0.00  14  2 84  1.66 2.57 3.61
  106.57  333 34.71     0.00    0  0.00  20  5 76  1.61 2.55 3.60
  419.08   74 30.27     0.00    0  0.00  20  5 75  1.61 2.55 3.60
  314.95  148 45.66     0.00    0  0.00  19  4 77  1.61 2.55 3.60
              disk0               disk4       cpu    load average
    KB/t  tps  MB/s     KB/t  tps  MB/s  us sy id   1m   5m   15m
  329.62  152 49.02     0.00    0  0.00  17  3 80  1.61 2.55 3.60
  274.50  123 32.91     0.00    0  0.00  16  3 82  1.61 2.55 3.60
  410.65   80 31.99     0.00    0  0.00  18  4 78  1.64 2.54 3.59
  432.21   76 32.00     0.00    0  0.00  22  4 74  1.64 2.54 3.59
  253.00  195 48.23     0.00    0  0.00  15  2 82  1.64 2.54 3.59
  348.72   95 32.20     0.00    0  0.00  14  2 84  1.64 2.54 3.59
   80.21  549 42.98     0.00    0  0.00  20  4 77  1.64 2.54 3.59
  238.29  209 48.69     0.00    0  0.00  20  5 75  1.59 2.51 3.57
  377.43   87 31.93     0.00    0  0.00  15  3 83  1.59 2.51 3.57
  271.51  121 32.19     0.00    0  0.00  15  3 82  1.59 2.51 3.57
  326.75  102 32.39     0.00    0  0.00  14  2 83  1.59 2.51 3.57
  354.53  139 48.00     0.00    0  0.00  15  2 83  1.59 2.51 3.57
  347.80   61 20.63     0.00    0  0.00  15  3 82  1.54 2.49 3.56
  283.61  217 59.98     0.00    0  0.00  17  3 80  1.54 2.49 3.56
  360.57   91 31.98     0.00    0  0.00  19  4 77  1.54 2.49 3.56
  140.12  239 32.69     0.00    0  0.00  20  4 75  1.54 2.49 3.56
  394.99   83 31.90     0.00    0  0.00  15  2 83  1.54 2.49 3.56
  316.92  156 48.18     0.00    0  0.00  14  2 84  1.50 2.46 3.54
  141.86  245 33.87     0.00    0  0.00  14  2 84  1.50 2.46 3.54
  115.13  460 51.73     0.00    0  0.00  18  5 77  1.50 2.46 3.54
              disk0               disk4       cpu    load average
    KB/t  tps  MB/s     KB/t  tps  MB/s  us sy id   1m   5m   15m
  345.33   96 32.22     0.00    0  0.00  24  5 71  1.50 2.46 3.54
  182.57  186 33.22     0.00    0  0.00  27  6 68  1.50 2.46 3.54
  330.16  100 32.12     0.00    0  0.00  17  5 78  1.62 2.47 3.54
  384.31  128 48.22     0.00    0  0.00  18  3 79  1.62 2.47 3.54
  268.10  124 32.44     0.00    0  0.00  18  3 79  1.62 2.47 3.54
  177.60  167 29.01     0.00    0  0.00  13  1 85  1.62 2.47 3.54
  266.35  221 57.40     0.00    0  0.00  14  1 85  1.62 2.47 3.54
  141.27  239 32.93     0.00    0  0.00  19  5 76  1.65 2.46 3.53
  321.96  102 31.99     0.00    0  0.00  17  3 80  1.65 2.46 3.53
  208.73  171 34.77     0.00    0  0.00  18  4 78  1.65 2.46 3.53
  284.86  116 32.19     0.00    0  0.00  21  4 75  1.65 2.46 3.53
  307.35  201 60.33     0.00    0  0.00  15  3 82  1.65 2.46 3.53
  405.68   81 31.93     0.00    0  0.00  16  3 81  1.84 2.49 3.53
  366.18   90 32.05     0.00    0  0.00  17  4 79  1.84 2.49 3.53
  198.05  167 32.37     0.00    0  0.00  16  3 81  1.84 2.49 3.53
  424.38  116 48.01     0.00    0  0.00  17  4 79  1.84 2.49 3.53
  260.38  127 32.21     0.00    0  0.00  18  4 78  1.84 2.49 3.53
  362.94  113 39.91     0.00    0  0.00  13  1 85  1.77 2.46 3.52
  396.61  124 47.96     0.00    0  0.00  16  4 80  1.77 2.46 3.52
  245.82  136 32.62     0.00    0  0.00  16  4 80  1.77 2.46 3.52
              disk0               disk4       cpu    load average
    KB/t  tps  MB/s     KB/t  tps  MB/s  us sy id   1m   5m   15m
  400.49   82 31.96     0.00    0  0.00  14  1 85  1.77 2.46 3.52
   32.05 3359 105.15     0.00    0  0.00  26 10 65  1.77 2.46 3.52
   40.09 1765 69.08     0.00    0  0.00  28  9 63  2.51 2.60 3.56
  179.15  169 29.60     0.00    0  0.00  15  3 82  2.51 2.60 3.56
  317.47  147 45.46     0.00    0  0.00  14  2 84  2.51 2.60 3.56
  438.45  102 43.87     0.00    0  0.00  16  3 81  2.51 2.60 3.56
  445.11   83 35.93     0.00    0  0.00  14  2 85  2.51 2.60 3.56
  323.26  103 32.46     0.00    0  0.00  15  3 82  2.55 2.61 3.56
   84.23  432 35.53     0.00    0  0.00  16  3 81  2.55 2.61 3.56
  431.84   76 31.93     0.00    0  0.00  16  3 81  2.55 2.61 3.56
  160.63  239 37.57     0.00    0  0.00  19  7 74  2.55 2.61 3.56
  375.70  131 48.23     0.00    0  0.00  17  4 79  2.55 2.61 3.56
  125.13  423 51.72     0.00    0  0.00  17  5 78  3.06 2.72 3.59
  247.77  136 33.01     0.00    0  0.00  20  5 76  3.06 2.72 3.59
  125.60  274 33.59     0.00    0  0.00  22  6 73  3.06 2.72 3.59
  165.44  222 35.82     0.00    0  0.00  21  6 74  3.06 2.72 3.59
  320.81  104 32.49     0.00    0  0.00  15  3 82  3.06 2.72 3.59
  106.76  369 38.43     0.00    0  0.00  14  3 83  2.98 2.70 3.58
  233.10  268 61.10     0.00    0  0.00  15  5 80  2.98 2.70 3.58
  193.32  176 33.13     0.00    0  0.00  16  4 80  2.98 2.70 3.58
              disk0               disk4       cpu    load average
    KB/t  tps  MB/s     KB/t  tps  MB/s  us sy id   1m   5m   15m
  113.37  373 41.26     0.00    0  0.00  25  3 72  2.98 2.70 3.58
   54.28 1344 71.26     0.00    0  0.00  25  3 71  2.98 2.70 3.58
  158.95  436 67.71     0.00    0  0.00  26  3 71  3.14 2.74 3.59
   43.83  997 42.69     0.00    0  0.00  25  4 71  3.14 2.74 3.59
  237.03  197 45.70     0.00    0  0.00  24  6 70  3.14 2.74 3.59
  431.93  114 48.06     0.00    0  0.00  15  2 82  3.14 2.74 3.59
   65.34  656 41.88     0.00    0  0.00  14  2 84  3.14 2.74 3.59
  443.35   74 31.90     0.00    0  0.00  13  1 86  2.97 2.71 3.57
  301.78  110 32.40     0.00    0  0.00  14  2 84  2.97 2.71 3.57
  443.08   74 31.87     0.00    0  0.00  13  1 86  2.97 2.71 3.57
  362.93  116 40.97     0.00    0  0.00  14  1 85  2.97 2.71 3.57
  179.05  291 50.81     0.00    0  0.00  14  2 84  2.97 2.71 3.57
   25.68 1898 47.60     0.00    0  0.00  23 10 67  2.89 2.70 3.56
  111.20  371 40.29     0.00    0  0.00  22  7 72  2.89 2.70 3.56
  391.27  109 41.53     0.00    0  0.00  22  5 73  2.89 2.70 3.56
  154.93  220 33.30     0.00    0  0.00  28  6 66  2.89 2.70 3.56
   66.96  699 45.71     0.00    0  0.00  17  6 77  2.89 2.70 3.56
   96.00  373 34.92     0.00    0  0.00  13  2 85  2.74 2.67 3.55
  416.46   79 32.10     0.00    0  0.00  14  1 85  2.74 2.67 3.55
  370.34   89 32.11     0.00    0  0.00  15  3 82  2.74 2.67 3.55
              disk0               disk4       cpu    load average
    KB/t  tps  MB/s     KB/t  tps  MB/s  us sy id   1m   5m   15m
  361.82  119 41.87     0.00    0  0.00  20  6 74  2.74 2.67 3.55
  422.26   78 32.03     0.00    0  0.00  23  4 73  2.74 2.67 3.55
  344.37  138 46.51     0.00    0  0.00  14  2 84  2.60 2.64 3.53
  413.04  119 47.96     0.00    0  0.00  14  2 84  2.60 2.64 3.53
  306.56  108 32.32     0.00    0  0.00  16  4 80  2.60 2.64 3.53
  345.98   95 32.04     0.00    0  0.00  15  3 82  2.60 2.64 3.53
  356.83   92 31.94     0.00    0  0.00  14  2 85  2.60 2.64 3.53
  396.94  123 47.84     0.00    0  0.00  14  1 85  2.47 2.62 3.52
   69.69  524 35.63     0.00    0  0.00  22  7 71  2.47 2.62 3.52
   97.23  588 55.85     0.00    0  0.00  22  6 71  2.47 2.62 3.52
  183.23  187 33.42     0.00    0  0.00  22  3 74  2.47 2.62 3.52
  300.67  114 33.37     0.00    0  0.00  19  4 77  2.47 2.62 3.52
  149.67  224 32.77     0.00    0  0.00  14  2 84  2.35 2.59 3.50
  501.55   98 47.76     0.00    0  0.00  14  1 85  2.35 2.59 3.50
  281.37   76 20.80     0.00    0  0.00  17  5 78  2.35 2.59 3.50
   92.37  567 51.18     0.00    0  0.00  23  6 71  2.35 2.59 3.50
  318.52  142 44.32     0.00    0  0.00  19  4 77  2.35 2.59 3.50
  382.33   86 31.95     0.00    0  0.00  14  3 83  2.24 2.56 3.49
  271.74  181 48.13     0.00    0  0.00  15  2 84  2.24 2.56 3.49
   42.92  869 36.43     0.00    0  0.00  25  7 67  2.24 2.56 3.49
              disk0               disk4       cpu    load average
    KB/t  tps  MB/s     KB/t  tps  MB/s  us sy id   1m   5m   15m
  245.59  136 32.53     0.00    0  0.00  15  2 83  2.24 2.56 3.49
  226.12  147 32.38     0.00    0  0.00  18  5 76  2.24 2.56 3.49
  218.99  261 55.80     0.00    0  0.00  19  4 78  2.38 2.59 3.49
  357.48   92 31.98     0.00    0  0.00  20  4 75  2.38 2.59 3.49
  234.60  142 32.59     0.00    0  0.00  27  9 64  2.38 2.59 3.49
  151.86  222 32.97     0.00    0  0.00  17  4 80  2.38 2.59 3.49
  133.70  256 33.41     0.00    0  0.00  26  5 69  2.38 2.59 3.49
   91.62  395 35.37     0.00    0  0.00  19  4 77  2.43 2.59 3.49
  336.05   86 28.11     0.00    0  0.00  19  5 75  2.43 2.59 3.49
  334.50  162 53.02     0.00    0  0.00  20  5 75  2.43 2.59 3.49
  363.30   92 32.49     0.00    0  0.00  27  6 66  2.43 2.59 3.49
  349.32   91 30.93     0.00    0  0.00  21  5 74  2.43 2.59 3.49
  342.81  137 45.98     0.00    0  0.00  22  5 73  2.72 2.65 3.50
  280.17  118 32.17     0.00    0  0.00  23  6 72  2.72 2.65 3.50
  349.49   94 31.93     0.00    0  0.00  22  6 73  2.72 2.65 3.50
  390.41  126 47.86     0.00    0  0.00  22  5 73  2.72 2.65 3.50
  336.00   98 32.01     0.00    0  0.00  28  6 66  2.66 2.64 3.49
  371.84   75 27.09     0.00    0  0.00  22  6 72  2.66 2.64 3.49
  377.25  118 43.33     0.00    0  0.00  22  6 73  2.66 2.64 3.49
  386.07   85 31.93     0.00    0  0.00  23  6 72  2.66 2.64 3.49
              disk0               disk4       cpu    load average
    KB/t  tps  MB/s     KB/t  tps  MB/s  us sy id   1m   5m   15m
  416.78  117 47.80     0.00    0  0.00  22  5 73  2.66 2.64 3.49
  386.31   85 31.95     0.00    0  0.00  22  5 73  2.69 2.64 3.49
  277.75  118 32.13     0.00    0  0.00  22  6 72  2.69 2.64 3.49
  342.58   96 32.00     0.00    0  0.00  22  5 73  2.69 2.64 3.49
  360.73  136 48.04     0.00    0  0.00  21  5 75  2.69 2.64 3.49
  101.52  338 33.48     0.00    0  0.00  21  6 73  2.69 2.64 3.49
  281.21  178 48.93     0.00    0  0.00  21  6 73  2.55 2.62 3.47
  210.10  161 33.11     0.00    0  0.00  26  5 70  2.55 2.62 3.47
  101.45  342 33.84     0.00    0  0.00  21  5 74  2.55 2.62 3.47
  320.91  105 32.77     0.00    0  0.00  18  4 78  2.55 2.62 3.47
  223.05  150 32.75     0.00    0  0.00  21  5 75  2.55 2.62 3.47
  126.61  440 54.39     0.00    0  0.00  25  7 69  2.75 2.66 3.48
  326.53  101 32.09     0.00    0  0.00  21  5 74  2.75 2.66 3.48
  361.71  137 48.52     0.00    0  0.00  21  5 74  2.75 2.66 3.48
   40.70 4984 198.09     0.00    0  0.00  25 16 59  2.75 2.66 3.48
   84.66  607 50.22     0.00    0  0.00  36  9 55  2.75 2.66 3.48
   78.40 1433 109.72     0.00    0  0.00  30  6 64  2.69 2.65 3.47
   64.36 2084 131.01     0.00    0  0.00  30  7 63  2.69 2.65 3.47
  120.39  639 75.09     0.00    0  0.00  30  5 65  2.69 2.65 3.47
  104.42  609 62.12     0.00    0  0.00  22  6 72  2.69 2.65 3.47
              disk0               disk4       cpu    load average
    KB/t  tps  MB/s     KB/t  tps  MB/s  us sy id   1m   5m   15m
  195.84  273 52.21     0.00    0  0.00  30  6 64  2.69 2.65 3.47
  324.20  102 32.14     0.00    0  0.00  21  5 75  2.55 2.62 3.46
   35.00 1664 56.87     0.00    0  0.00  29  8 64  2.55 2.62 3.46
  186.92  181 33.07     0.00    0  0.00  25  6 69  2.55 2.62 3.46
  103.16  331 33.32     0.00    0  0.00  22  5 73  2.55 2.62 3.46
  316.20  102 31.35     0.00    0  0.00  22  6 72  2.55 2.62 3.46
  139.64  618 84.24     0.00    0  0.00  26  4 70  2.59 2.62 3.46
  391.10   84 31.93     0.00    0  0.00  20  5 75  2.59 2.62 3.46
  182.68  184 32.88     0.00    0  0.00  22  5 73  2.59 2.62 3.46
  308.07  107 32.33     0.00    0  0.00  19  3 78  2.59 2.62 3.46
  346.79  126 42.60     0.00    0  0.00  16  2 82  2.59 2.62 3.46
  305.33  110 32.93     0.00    0  0.00  17  3 81  2.46 2.60 3.44
  371.70  120 43.45     0.00    0  0.00  16  3 82  2.46 2.60 3.44
  332.73   99 32.03     0.00    0  0.00  21  6 74  2.46 2.60 3.44
  389.48  127 48.12     0.00    0  0.00  18  4 78  2.46 2.60 3.44
   92.08  380 34.17     0.00    0  0.00  19  4 77  2.46 2.60 3.44
  449.32   73 31.88     0.00    0  0.00  20  4 76  2.58 2.62 3.44
  369.66   89 32.01     0.00    0  0.00  21  5 74  2.58 2.62 3.44
  118.49  285 32.94     0.00    0  0.00  34  6 60  2.58 2.62 3.44
  101.34  764 75.62     0.00    0  0.00  24  7 69  2.58 2.62 3.44
              disk0               disk4       cpu    load average
    KB/t  tps  MB/s     KB/t  tps  MB/s  us sy id   1m   5m   15m
  188.88  266 49.02     0.00    0  0.00  23  5 71  2.58 2.62 3.44
   87.00  979 83.21     0.00    0  0.00  23  6 70  2.46 2.59 3.43
  308.90  163 49.25     0.00    0  0.00  24  6 70  2.46 2.59 3.43
  408.44   81 32.15     0.00    0  0.00  29  6 65  2.46 2.59 3.43
  411.00   80 32.00     0.00    0  0.00  22  5 73  2.46 2.59 3.43
  130.27  348 44.23     0.00    0  0.00  20  6 74  2.46 2.59 3.43
   62.89 1542 94.69     0.00    0  0.00  19  7 74  2.66 2.63 3.44
   53.96 2621 138.14     0.00    0  0.00  21  7 72  2.66 2.63 3.44
   58.39  377 21.51     0.00    0  0.00  28  7 65  2.66 2.63 3.44
   64.00    1  0.06     0.00    0  0.00  21  9 70  2.66 2.63 3.44
   59.26 1013 58.64     0.00    0  0.00  20  9 71  2.66 2.63 3.44
   59.79  562 32.81     0.00    0  0.00  20 11 69  2.61 2.62 3.43
   36.34 9877 350.48     0.00    0  0.00  37 26 37  2.61 2.62 3.43
   35.72 2226 77.63     0.00    0  0.00  36 12 52  2.61 2.62 3.43
   12.56   43  0.52     0.00    0  0.00  27  8 65  2.61 2.62 3.43
    8.19   43  0.34     0.00    0  0.00  21  6 73  2.61 2.62 3.43
   28.00   11  0.30     0.00    0  0.00  23  6 70  3.20 2.74 3.47
   14.90   58  0.84     0.00    0  0.00  36  8 56  3.20 2.74 3.47
   18.97   31  0.57     0.00    0  0.00  23  5 72  3.20 2.74 3.47
   18.13   15  0.26     0.00    0  0.00  21  6 73  3.20 2.74 3.47
              disk0               disk4       cpu    load average
    KB/t  tps  MB/s     KB/t  tps  MB/s  us sy id   1m   5m   15m
   11.60   10  0.11     0.00    0  0.00  20  8 72  3.20 2.74 3.47
    6.15  185  1.11     0.00    0  0.00  18  9 73  3.02 2.71 3.45
    8.71   17  0.14     0.00    0  0.00  17  9 74  3.02 2.71 3.45
   11.00    4  0.04     0.00    0  0.00  17 10 73  3.02 2.71 3.45
   55.71 2288 124.48     0.00    0  0.00  19 10 71  3.02 2.71 3.45
   57.21 1304 72.87     0.00    0  0.00  17 10 73  3.02 2.71 3.45
   60.52 2489 147.12     0.00    0  0.00  19 12 69  3.10 2.73 3.46
   60.42 2718 160.36     0.00    0  0.00  23 16 61  3.10 2.73 3.46
   60.15 1301 76.42     0.00    0  0.00  26 13 61  3.10 2.73 3.46
   59.93 1843 107.86     0.00    0  0.00  18 14 68  3.10 2.73 3.46
   59.55   96  5.61     0.00    0  0.00  16 15 69  3.10 2.73 3.46
   12.77 5458 68.05     0.00    0  0.00  17 16 67  3.33 2.79 3.47
   60.26 1014 59.69     0.00    0  0.00  14 17 69  3.33 2.79 3.47
   60.58  821 48.57     0.00    0  0.00  14 19 67  3.33 2.79 3.47
   55.00  508 27.27     0.00    0  0.00  12 22 65  3.33 2.79 3.47
    6.87   46  0.31     0.00    0  0.00  15 21 64  3.33 2.79 3.47
   56.42  945 52.08     0.00    0  0.00  19 22 59  3.31 2.79 3.47
   11.98  240  2.81     0.00    0  0.00  11 23 66  3.31 2.79 3.47
   60.16 3031 178.05     0.00    0  0.00  14 19 67  3.31 2.79 3.47
   59.95 3857 225.83     0.00    0  0.00  16 13 71  3.31 2.79 3.47
              disk0               disk4       cpu    load average
    KB/t  tps  MB/s     KB/t  tps  MB/s  us sy id   1m   5m   15m
   59.32  340 19.71     0.00    0  0.00  19  8 73  3.31 2.79 3.47
   47.27   11  0.51     0.00    0  0.00  19  5 76  3.28 2.80 3.47
   28.00   11  0.30     0.00    0  0.00  15  4 80  3.28 2.80 3.47
    0.00    0  0.00     0.00    0  0.00  14  4 82  3.28 2.80 3.47
    7.00    4  0.03     0.00    0  0.00  15  3 82  3.28 2.80 3.47
    0.00    0  0.00     0.00    0  0.00  14  4 82  3.28 2.80 3.47
    7.11    9  0.06     0.00    0  0.00  17  4 79  3.10 2.77 3.45
   14.00   20  0.27     0.00    0  0.00  18  5 77  3.10 2.77 3.45
   21.00    4  0.08     0.00    0  0.00  16  3 80  3.10 2.77 3.45
   48.00    3  0.14     0.00    0  0.00  15  3 82  3.10 2.77 3.45
   12.00   75  0.88     0.00    0  0.00  16  3 81  3.10 2.77 3.45
   11.58  590  6.67     0.00    0  0.00  23  6 71  3.01 2.75 3.44
   12.75  153  1.91     0.00    0  0.00  16  3 81  3.01 2.75 3.44
   21.00    4  0.08     0.00    0  0.00  15  3 82  3.01 2.75 3.44
   10.80  112  1.19     0.00    0  0.00  15  3 82  3.01 2.75 3.44
   13.90   40  0.54     0.00    0  0.00  14  6 79  3.01 2.75 3.44
   10.51   35  0.36     0.00    0  0.00  16  3 82  2.85 2.72 3.43
    4.95  101  0.49     0.00    0  0.00  15  3 82  2.85 2.72 3.43
    9.26   38  0.34     0.00    0  0.00  15  3 82  2.85 2.72 3.43
    0.00    0  0.00     0.00    0  0.00  16  3 82  2.85 2.72 3.43
              disk0               disk4       cpu    load average
    KB/t  tps  MB/s     KB/t  tps  MB/s  us sy id   1m   5m   15m
    0.00    0  0.00     0.00    0  0.00  15  2 83  2.85 2.72 3.43
    0.00    0  0.00     0.00    0  0.00  15  3 82  2.70 2.69 3.41
    8.00    6  0.05     0.00    0  0.00  15  2 82  2.70 2.69 3.41
    0.00    0  0.00     0.00    0  0.00  18  4 78  2.70 2.69 3.41
    7.10   49  0.34     0.00    0  0.00  19  4 77  2.70 2.69 3.41
    0.00    0  0.00     0.00    0  0.00  17  3 79  2.70 2.69 3.41
    0.00    0  0.00     0.00    0  0.00  17  4 79  2.56 2.67 3.40
   18.75  259  4.74     0.00    0  0.00  16  2 81  2.56 2.67 3.40
    0.00    0  0.00     0.00    0  0.00  18  4 77  2.56 2.67 3.40
   48.00    1  0.05     0.00    0  0.00  18  4 78  2.56 2.67 3.40
   42.86   70  2.92     0.00    0  0.00  17  5 78  2.56 2.67 3.40
   31.73   15  0.46     0.00    0  0.00  15  4 80  2.44 2.64 3.38
   14.54   41  0.58     0.00    0  0.00  15  5 80  2.44 2.64 3.38
   12.00   30  0.35     0.00    0  0.00  16  7 77  2.44 2.64 3.38
   11.58   38  0.43     0.00    0  0.00  22 10 68  2.44 2.64 3.38
   25.75   16  0.40     0.00    0  0.00  20 10 70  2.44 2.64 3.38
   26.59   74  1.91     0.00    0  0.00  29 12 59  2.96 2.74 3.42
   24.15  154  3.64     0.00    0  0.00  18 10 71  2.96 2.74 3.42
   32.00    9  0.28     0.00    0  0.00  17  9 74  2.96 2.74 3.42
   14.32   19  0.26     0.00    0  0.00  22 10 68  2.96 2.74 3.42
              disk0               disk4       cpu    load average
    KB/t  tps  MB/s     KB/t  tps  MB/s  us sy id   1m   5m   15m
    5.72   65  0.36     0.00    0  0.00  18  9 72  2.96 2.74 3.42
   16.00    2  0.03     0.00    0  0.00  17 10 73  3.05 2.76 3.42
   58.89 1735 99.77     0.00    0  0.00  26 13 61  3.05 2.76 3.42
   58.25 3760 213.87     0.00    0  0.00  22 14 64  3.05 2.76 3.42
   55.82 2547 138.85     0.00    0  0.00  19 13 68  3.05 2.76 3.42
   28.41 4966 137.79     0.00    0  0.00  17 12 71  3.05 2.76 3.42
   59.61 1041 60.61     0.00    0  0.00  16 11 72  3.36 2.83 3.44
   57.37  452 25.34     0.00    0  0.00  13 11 76  3.36 2.83 3.44
   58.19 2902 164.90     0.00    0  0.00  16 12 72  3.36 2.83 3.44
   57.78  794 44.80     0.00    0  0.00  22 15 63  3.36 2.83 3.44
   57.74 1844 103.94     0.00    0  0.00  15 14 71  3.36 2.83 3.44
   57.75 1794 101.21     0.00    0  0.00  18 13 69  3.41 2.85 3.44
   57.46 1280 71.82     0.00    0  0.00  16 14 70  3.41 2.85 3.44
   57.33  941 52.66     0.00    0  0.00  17 15 69  3.41 2.85 3.44
   54.84 1392 74.52     0.00    0  0.00  19 15 66  3.41 2.85 3.44
   56.54  649 35.86     0.00    0  0.00  16 18 66  3.41 2.85 3.44
   57.02 1592 88.65     0.00    0  0.00  23 18 59  3.38 2.86 3.44
   52.91 1296 66.98     0.00    0  0.00  16 17 67  3.38 2.86 3.44
   56.94  234 13.01     0.00    0  0.00  15 15 71  3.38 2.86 3.44
   26.11 1670 42.59     0.00    0  0.00  16 17 66  3.38 2.86 3.44
              disk0               disk4       cpu    load average
    KB/t  tps  MB/s     KB/t  tps  MB/s  us sy id   1m   5m   15m
   56.30 1195 65.71     0.00    0  0.00  15 16 69  3.38 2.86 3.44
   56.68  431 23.88     0.00    0  0.00  15 21 64  3.59 2.91 3.46
   33.71  649 21.36     0.00    0  0.00  15 20 65  3.59 2.91 3.46
   28.71 3444 96.54     0.00    0  0.00  16 20 64  3.59 2.91 3.46
   56.22 1786 98.03     0.00    0  0.00  14 21 65  3.59 2.91 3.46
   35.31  839 28.93     0.00    0  0.00  13 16 72  3.59 2.91 3.46
   57.01  617 34.38     0.00    0  0.00  17 20 63  3.78 2.96 3.47
   55.38  560 30.28     0.00    0  0.00   6 16 78  3.78 2.96 3.47
   56.15 1656 90.81     0.00    0  0.00  15 21 64  3.78 2.96 3.47
    8.94   17  0.15     0.00    0  0.00  14 21 65  3.78 2.96 3.47
   16.18   44  0.69     0.00    0  0.00  12 19 69  3.78 2.96 3.47
   36.40   10  0.35     0.00    0  0.00  11 18 71  3.96 3.01 3.48
   44.26  483 20.87     0.00    0  0.00  11 20 69  3.96 3.01 3.48
   56.03 1589 86.96     0.00    0  0.00  12 24 64  3.96 3.01 3.48
   46.56  973 44.26     0.00    0  0.00   8 22 69  3.96 3.01 3.48
   54.17  389 20.55     0.00    0  0.00   7 21 72  3.96 3.01 3.48
   30.26   45  1.33     0.00    0  0.00   7 23 70  4.12 3.06 3.50
   55.93 1930 105.41     0.00    0  0.00  20 18 62  4.12 3.06 3.50
   55.15 2045 110.16     0.00    0  0.00  10 23 67  4.12 3.06 3.50
   34.84  206  7.01     0.00    0  0.00  11 19 70  4.12 3.06 3.50
              disk0               disk4       cpu    load average
    KB/t  tps  MB/s     KB/t  tps  MB/s  us sy id   1m   5m   15m
   26.90   40  1.05     0.00    0  0.00   8 20 72  4.12 3.06 3.50
   38.22    9  0.33     0.00    0  0.00  13 23 64  4.19 3.09 3.51
   18.60   20  0.36     0.00    0  0.00  12 23 64  4.19 3.09 3.51
   16.00    1  0.02     0.00    0  0.00   9 23 68  4.19 3.09 3.51
    7.40  114  0.82     0.00    0  0.00  10 24 66  4.19 3.09 3.51
    7.60   10  0.07     0.00    0  0.00   5 23 73  4.19 3.09 3.51
   54.41 1121 59.58     0.00    0  0.00  13 23 64  4.34 3.14 3.52
   34.24  955 31.93     0.00    0  0.00  11 23 66  4.34 3.14 3.52
   16.92   78  1.28     0.00    0  0.00  10 20 70  4.34 3.14 3.52
   57.02  279 15.52     0.00    0  0.00   7 20 73  4.34 3.14 3.52
   55.97  710 38.80     0.00    0  0.00  13 25 62  4.34 3.14 3.52
    4.77   57  0.26     0.00    0  0.00  10 24 66  4.39 3.17 3.53
   14.29    7  0.10     0.00    0  0.00   7 24 70  4.39 3.17 3.53
   18.46   13  0.23     0.00    0  0.00   8 24 67  4.39 3.17 3.53
   41.51   82  3.32     0.00    0  0.00  10 27 62  4.39 3.17 3.53
   18.56  196  3.55     0.00    0  0.00  14 28 58  4.39 3.17 3.53
    0.00    0  0.00     0.00    0  0.00   5 25 69  4.28 3.17 3.53
   10.48   29  0.30     0.00    0  0.00   7 25 69  4.28 3.17 3.53
   14.52  269  3.81     0.00    0  0.00  12 26 62  4.28 3.17 3.53
   54.00    6  0.32     0.00    0  0.00  10 27 63  4.28 3.17 3.53
              disk0               disk4       cpu    load average
    KB/t  tps  MB/s     KB/t  tps  MB/s  us sy id   1m   5m   15m
    5.71    7  0.04     0.00    0  0.00   4 30 66  4.28 3.17 3.53
    5.33    9  0.05     0.00    0  0.00   8 30 63  4.26 3.18 3.53
   49.20 1069 51.34     0.00    0  0.00  13 33 54  4.26 3.18 3.53
   42.55 5738 238.43     0.00    0  0.00  10 24 66  4.26 3.18 3.53
   51.56 5531 278.49     0.00    0  0.00   9 22 69  4.26 3.18 3.53
   56.55 7601 419.72     0.00    0  0.00  12 25 64  4.26 3.18 3.53
   57.02 3704 206.23     0.00    0  0.00  11 18 70  4.00 3.14 3.51
   35.60 7524 261.57     0.00    0  0.00   8 20 72  4.00 3.14 3.51
   53.44 1007 52.55     0.00    0  0.00  12  8 79  4.00 3.14 3.51
   56.36  190 10.47     0.00    0  0.00  13  6 81  4.00 3.14 3.51
   56.12 1916 105.03     0.00    0  0.00  14 10 76  4.00 3.14 3.51
   55.84  971 52.97     0.00    0  0.00  16 10 74  3.92 3.14 3.51
   57.30   37  2.06     0.00    0  0.00  15  6 79  3.92 3.14 3.51
   53.65   17  0.89     0.00    0  0.00  17  6 77  3.92 3.14 3.51
   40.95  235  9.41     0.00    0  0.00  18  5 77  3.92 3.14 3.51
   14.26  121  1.69     0.00    0  0.00  24  7 68  3.92 3.14 3.51
   15.53  177  2.69     0.00    0  0.00  19  7 74  3.84 3.14 3.51
   40.10   39  1.52     0.00    0  0.00  18  6 76  3.84 3.14 3.51
   32.30   27  0.85     0.00    0  0.00  18  5 77  3.84 3.14 3.51
   30.49 1046 31.14     0.00    0  0.00  21  8 71  3.84 3.14 3.51
              disk0               disk4       cpu    load average
    KB/t  tps  MB/s     KB/t  tps  MB/s  us sy id   1m   5m   15m
   12.00   15  0.18     0.00    0  0.00  14  4 82  3.84 3.14 3.51
   48.54   97  4.58     0.00    0  0.00  15  4 80  3.61 3.10 3.49
   24.00    3  0.07     0.00    0  0.00  14  4 82  3.61 3.10 3.49
   56.00    8  0.44     0.00    0  0.00  15  4 82  3.61 3.10 3.49
   56.77  300 16.63     0.00    0  0.00  15  5 81  3.61 3.10 3.49
   42.29    7  0.29     0.00    0  0.00  17  5 78  3.61 3.10 3.49
   64.00    2  0.12     0.00    0  0.00  16  6 77  3.48 3.08 3.48
   57.39  250 14.00     0.00    0  0.00  14  3 82  3.48 3.08 3.48
   55.82  114  6.19     0.00    0  0.00  19  5 76  3.48 3.08 3.48
   30.91  175  5.29     0.00    0  0.00  19  6 76  3.48 3.08 3.48
   53.77  137  7.22     0.00    0  0.00  20  6 74  3.48 3.08 3.48
   59.08   13  0.75     0.00    0  0.00  19  5 76  3.45 3.08 3.48
   57.38   29  1.62     0.00    0  0.00  19  4 77  3.45 3.08 3.48
   35.09   22  0.75     0.00    0  0.00  25  5 70  3.45 3.08 3.48
   15.60  158  2.41     0.00    0  0.00  22  7 71  3.45 3.08 3.48
   42.40   20  0.83     0.00    0  0.00  21  6 74  3.45 3.08 3.48
   57.60   20  1.12     0.00    0  0.00  22  6 73  3.33 3.06 3.47
   41.17   24  0.96     0.00    0  0.00  22  6 73  3.33 3.06 3.47
   52.40   30  1.53     0.00    0  0.00  21  5 73  3.33 3.06 3.47
   55.64   22  1.19     0.00    0  0.00  21  4 75  3.33 3.06 3.47
              disk0               disk4       cpu    load average
    KB/t  tps  MB/s     KB/t  tps  MB/s  us sy id   1m   5m   15m
   58.07   54  3.05     0.00    0  0.00  20  4 76  3.33 3.06 3.47
   28.28   29  0.80     0.00    0  0.00  18  4 78  3.22 3.05 3.46
   61.09   22  1.31     0.00    0  0.00  19  4 77  3.22 3.05 3.46
   59.08   52  2.99     0.00    0  0.00  19  4 77  3.22 3.05 3.46
   15.44  108  1.62     0.00    0  0.00  25  5 70  3.22 3.05 3.46
   64.00    2  0.12     0.00    0  0.00  20  4 76  3.22 3.05 3.46
   15.52  164  2.49     0.00    0  0.00  20  4 76  3.20 3.05 3.46
   50.24 1793 87.99     0.00    0  0.00  21  7 72  3.20 3.05 3.46
   60.00    4  0.23     0.00    0  0.00  20  4 77  3.20 3.05 3.46
   55.47   15  0.81     0.00    0  0.00  14  2 84  3.20 3.05 3.46
   48.50   96  4.54     0.00    0  0.00  15  4 81  3.20 3.05 3.46
   45.97   73  3.27     0.00    0  0.00  18  5 77  3.27 3.06 3.46
   18.59  152  2.76     0.00    0  0.00  18  6 76  3.27 3.06 3.46
   23.56   18  0.41     0.00    0  0.00  17  4 79  3.27 3.06 3.46
   54.34   70  3.70     0.00    0  0.00  20  6 74  3.27 3.06 3.46
   57.40  143  8.01     0.00    0  0.00  23  5 71  3.27 3.06 3.46
   57.33    9  0.50     0.00    0  0.00  20  2 78  3.17 3.04 3.45
   17.05   99  1.64     0.00    0  0.00  14  2 85  3.17 3.04 3.45
    4.00    1  0.00     0.00    0  0.00  13  2 86  3.17 3.04 3.45
    6.00    8  0.05     0.00    0  0.00  13  1 86  3.17 3.04 3.45
              disk0               disk4       cpu    load average
    KB/t  tps  MB/s     KB/t  tps  MB/s  us sy id   1m   5m   15m
    0.00    0  0.00     0.00    0  0.00  13  1 86  3.17 3.04 3.45
   22.86   28  0.62     0.00    0  0.00  12  8 80  2.99 3.01 3.44
   64.00    1  0.06     0.00    0  0.00  13  2 85  2.99 3.01 3.44
   19.00    8  0.15     0.00    0  0.00  13  1 85  2.99 3.01 3.44
    8.46  156  1.29     0.00    0  0.00  13  1 86  2.99 3.01 3.44
   64.00    1  0.06     0.00    0  0.00  13  2 86  2.99 3.01 3.44
   64.00    1  0.06     0.00    0  0.00  13  2 85  2.91 2.99 3.43
   58.67    3  0.17     0.00    0  0.00  14  3 82  2.91 2.99 3.43
   16.00    1  0.02     0.00    0  0.00  13  2 85  2.91 2.99 3.43
   21.44   25  0.52     0.00    0  0.00  13  1 85  2.91 2.99 3.43
   64.00    1  0.06     0.00    0  0.00  13  1 86  2.91 2.99 3.43
   46.55   99  4.49     0.00    0  0.00  13  1 86  2.76 2.96 3.42
    0.00    0  0.00     0.00    0  0.00  13  1 86  2.76 2.96 3.42
    0.00    0  0.00     0.00    0  0.00  13  1 86  2.76 2.96 3.42
    0.00    0  0.00     0.00    0  0.00  15  2 83  2.76 2.96 3.42
   28.06   63  1.72     0.00    0  0.00  16  4 81  2.76 2.96 3.42
   15.02  207  3.04     0.00    0  0.00  17  3 81  2.62 2.93 3.40
   38.88   25  0.95     0.00    0  0.00  15  3 82  2.62 2.93 3.40
    9.09   22  0.19     0.00    0  0.00  15  3 82  2.62 2.93 3.40
   11.83   46  0.53     0.00    0  0.00  15  2 83  2.62 2.93 3.40
              disk0               disk4       cpu    load average
    KB/t  tps  MB/s     KB/t  tps  MB/s  us sy id   1m   5m   15m
   64.00    2  0.12     0.00    0  0.00  15  2 83  2.62 2.93 3.40
   22.03   67  1.44     0.00    0  0.00  16  3 81  2.57 2.91 3.39
   53.33   12  0.62     0.00    0  0.00  15  2 83  2.57 2.91 3.39
   21.85   13  0.28     0.00    0  0.00  16  2 82  2.57 2.91 3.39
   35.67   96  3.33     0.00    0  0.00  18  4 78  2.57 2.91 3.39
    6.64   59  0.38     0.00    0  0.00  16  3 80  2.57 2.91 3.39
   23.17   24  0.54     0.00    0  0.00  21  4 75  2.52 2.90 3.39
   15.20   10  0.15     0.00    0  0.00  19  5 76  2.52 2.90 3.39
    8.62   13  0.11     0.00    0  0.00  19  9 72  2.52 2.90 3.39
   46.35  104  4.69     0.00    0  0.00  15 15 70  2.52 2.90 3.39
   24.86   42  1.02     0.00    0  0.00  18  7 76  2.52 2.90 3.39
    9.25   51  0.46     0.00    0  0.00  18  6 76  2.80 2.95 3.40
   28.80   10  0.28     0.00    0  0.00  19  5 77  2.80 2.95 3.40
   32.00    2  0.06     0.00    0  0.00  20  5 75  2.80 2.95 3.40
   13.97  687  9.37     0.00    0  0.00  25  6 69  2.80 2.95 3.40
   48.36   11  0.52     0.00    0  0.00  18  4 78  2.80 2.95 3.40
    0.00    0  0.00     0.00    0  0.00  21  5 74  2.82 2.95 3.40
    0.00    0  0.00     0.00    0  0.00  21  5 74  2.82 2.95 3.40
   18.07  148  2.62     0.00    0  0.00  20  5 75  2.82 2.95 3.40
   43.00    8  0.33     0.00    0  0.00  19  4 77  2.82 2.95 3.40
              disk0               disk4       cpu    load average
    KB/t  tps  MB/s     KB/t  tps  MB/s  us sy id   1m   5m   15m
   64.00    1  0.06     0.00    0  0.00  19  4 76  2.82 2.95 3.40
   40.00    2  0.08     0.00    0  0.00  25  5 70  2.67 2.91 3.38
   17.65   17  0.29     0.00    0  0.00  21  5 74  2.67 2.91 3.38
   42.67    6  0.25     0.00    0  0.00  19  5 77  2.67 2.91 3.38
   17.33    3  0.05     0.00    0  0.00  20  5 75  2.67 2.91 3.38
   40.92   13  0.52     0.00    0  0.00  22  6 73  2.67 2.91 3.38
   11.83  216  2.50     0.00    0  0.00  22  5 73  2.62 2.90 3.38
   64.00    5  0.31     0.00    0  0.00  21  6 73  2.62 2.90 3.38
   10.00    8  0.08     0.00    0  0.00  26  5 69  2.62 2.90 3.38
   34.00    4  0.13     0.00    0  0.00  20  4 76  2.62 2.90 3.38
   34.34 1043 34.97     0.00    0  0.00  21  7 72  2.62 2.90 3.38
   33.65  730 23.97     0.00    0  0.00  24  7 70  2.65 2.90 3.37
    9.14   21  0.19     0.00    0  0.00  21  5 74  2.65 2.90 3.37
   64.00    3  0.19     0.00    0  0.00  21  5 75  2.65 2.90 3.37
   13.83   48  0.65     0.00    0  0.00  19  5 77  2.65 2.90 3.37
   64.00    1  0.06     0.00    0  0.00  17  4 79  2.65 2.90 3.37
   50.22    9  0.44     0.00    0  0.00  20  6 74  2.76 2.92 3.38
   58.71   31  1.77     0.00    0  0.00  21  5 73  2.76 2.92 3.38
   55.64  536 29.10     0.00    0  0.00  25  3 72  2.76 2.92 3.38
   17.50    8  0.14     0.00    0  0.00  16  3 80  2.76 2.92 3.38
              disk0               disk4       cpu    load average
    KB/t  tps  MB/s     KB/t  tps  MB/s  us sy id   1m   5m   15m
   27.77  171  4.63     0.00    0  0.00  21  4 75  2.76 2.92 3.38
   56.32   25  1.37     0.00    0  0.00  19  4 77  2.85 2.94 3.38
   32.26 1044 32.89     0.00    0  0.00  26  9 65  2.85 2.94 3.38
   36.00  377 13.26     0.00    0  0.00  14  8 77  2.85 2.94 3.38
   21.54  163  3.44     0.00    0  0.00  11  6 83  2.85 2.94 3.38
   40.00    4  0.16     0.00    0  0.00  10  5 85  2.85 2.94 3.38
   53.33    6  0.31     0.00    0  0.00  11  5 84  2.71 2.90 3.37
   53.33    6  0.31     0.00    0  0.00  10  5 85  2.71 2.90 3.37
    8.90   98  0.85     0.00    0  0.00  11  6 83  2.71 2.90 3.37
   30.77   13  0.39     0.00    0  0.00  12  6 83  2.71 2.90 3.37
   64.00   18  1.11     0.00    0  0.00  17  5 78  2.71 2.90 3.37
    0.00    0  0.00     0.00    0  0.00  12  5 83  2.89 2.94 3.38
   28.00   12  0.33     0.00    0  0.00  12  6 83  2.89 2.94 3.38
   24.71  587 14.17     0.00    0  0.00  14  7 80  2.89 2.94 3.38
   23.83 1720 40.03     0.00    0  0.00  22 12 65  2.89 2.94 3.38
   33.44  480 15.67     0.00    0  0.00  14  8 79  2.89 2.94 3.38
   10.46  475  4.85     0.00    0  0.00  13  6 81  2.66 2.89 3.35
   52.00   27  1.36     0.00    0  0.00  18  6 76  2.66 2.89 3.35
    9.81   31  0.30     0.00    0  0.00  11  6 83  2.66 2.89 3.35
   38.67   21  0.79     0.00    0  0.00  12  6 82  2.66 2.89 3.35
              disk0               disk4       cpu    load average
    KB/t  tps  MB/s     KB/t  tps  MB/s  us sy id   1m   5m   15m
   17.64   22  0.38     0.00    0  0.00  12  5 83  2.66 2.89 3.35
   31.20   10  0.30     0.00    0  0.00  11  6 82  2.61 2.87 3.35
    8.76   84  0.72     0.00    0  0.00  11  6 83  2.61 2.87 3.35
    0.00    0  0.00     0.00    0  0.00  11  5 84  2.61 2.87 3.35
   12.77   26  0.32     0.00    0  0.00  13  6 80  2.61 2.87 3.35
   64.00    1  0.06     0.00    0  0.00  18  6 76  2.61 2.87 3.35
   14.91   33  0.48     0.00    0  0.00  12  6 82  2.72 2.89 3.35
   44.00    3  0.13     0.00    0  0.00  11  6 83  2.72 2.89 3.35
   64.00    3  0.19     0.00    0  0.00  11  5 84  2.72 2.89 3.35
   44.80    5  0.22     0.00    0  0.00  10  5 85  2.72 2.89 3.35
   10.00    4  0.04     0.00    0  0.00  17  6 77  2.72 2.89 3.35
   32.00    1  0.03     0.00    0  0.00  12  5 83  2.66 2.88 3.34
   64.00    2  0.12     0.00    0  0.00  11  6 83  2.66 2.88 3.34
   32.00    2  0.06     0.00    0  0.00  12  5 83  2.66 2.88 3.34
   24.27   15  0.35     0.00    0  0.00  11  6 83  2.66 2.88 3.34
   62.22    9  0.54     0.00    0  0.00  12  6 82  2.66 2.88 3.34
   15.42  111  1.67     0.00    0  0.00  20  5 75  3.73 3.10 3.42
   13.30   43  0.56     0.00    0  0.00  11  5 84  3.73 3.10 3.42
    7.04  125  0.86     0.00    0  0.00  12  6 82  3.73 3.10 3.42
   63.64   11  0.68     0.00    0  0.00  12  6 82  3.73 3.10 3.42
              disk0               disk4       cpu    load average
    KB/t  tps  MB/s     KB/t  tps  MB/s  us sy id   1m   5m   15m
    4.80    5  0.02     0.00    0  0.00  11  5 83  3.73 3.10 3.42
    0.00    0  0.00     0.00    0  0.00  11  6 83  3.91 3.14 3.43
   16.00    9  0.14     0.00    0  0.00  16  6 78  3.91 3.14 3.43
   64.00    1  0.06     0.00    0  0.00  14  6 80  3.91 3.14 3.43
   20.00    6  0.12     0.00    0  0.00  11  6 83  3.91 3.14 3.43
   42.67    3  0.12     0.00    0  0.00  10  5 84  3.91 3.14 3.43
   15.38  148  2.23     0.00    0  0.00  11  7 82  3.92 3.16 3.43
   82.29  492 39.57     0.00    0  0.00  13  6 81  3.92 3.16 3.43
   34.50    8  0.27     0.00    0  0.00  17  5 78  3.92 3.16 3.43
   26.29    7  0.18     0.00    0  0.00  10  5 84  3.92 3.16 3.43
   10.00    8  0.08     0.00    0  0.00  11  5 84  3.76 3.14 3.42
   13.18   17  0.22     0.00    0  0.00  11  5 84  3.76 3.14 3.42
   32.00    2  0.06     0.00    0  0.00  10  5 85  3.76 3.14 3.42
   16.00    9  0.14     0.00    0  0.00  10  6 84  3.76 3.14 3.42
   35.20   15  0.51     0.00    0  0.00  18  5 77  3.76 3.14 3.42
   10.00    8  0.08     0.00    0  0.00  10  5 85  3.70 3.14 3.42
   44.00    3  0.13     0.00    0  0.00  12  5 83  3.70 3.14 3.42
   64.00    1  0.06     0.00    0  0.00  10  5 84  3.70 3.14 3.42
   27.00    8  0.21     0.00    0  0.00  11  6 83  3.70 3.14 3.42
   52.21   38  1.93     0.00    0  0.00  19  6 75  3.70 3.14 3.42
              disk0               disk4       cpu    load average
    KB/t  tps  MB/s     KB/t  tps  MB/s  us sy id   1m   5m   15m
   57.33    9  0.50     0.00    0  0.00  12  6 82  3.56 3.12 3.41
   19.43   14  0.26     0.00    0  0.00  11  6 84  3.56 3.12 3.41
    0.00    0  0.00     0.00    0  0.00  11  6 83  3.56 3.12 3.41
    0.00    0  0.00     0.00    0  0.00   9  5 85  3.56 3.12 3.41
    8.80   10  0.09     0.00    0  0.00  13  6 81  3.56 3.12 3.41
    0.00    0  0.00     0.00    0  0.00  12  6 83  3.44 3.10 3.40
    5.26  180  0.93     0.00    0  0.00  10  5 85  3.44 3.10 3.40
   64.00    3  0.19     0.00    0  0.00  10  6 85  3.44 3.10 3.40
    8.62  172  1.45     0.00    0  0.00  19  6 75  3.44 3.10 3.40
   10.00    8  0.08     0.00    0  0.00  10  5 85  3.44 3.10 3.40
    0.00    0  0.00     0.00    0  0.00  12  5 84  3.32 3.08 3.40
    0.00    0  0.00     0.00    0  0.00  11  6 83  3.32 3.08 3.40
   28.86   14  0.39     0.00    0  0.00  12  6 82  3.32 3.08 3.40
   64.00    1  0.06     0.00    0  0.00  11  5 84  3.32 3.08 3.40
   56.00    2  0.11     0.00    0  0.00  19  5 76  3.32 3.08 3.40
    0.00    0  0.00     0.00    0  0.00  12  5 84  3.14 3.04 3.38
   14.98  121  1.78     0.00    0  0.00  12  6 82  3.14 3.04 3.38
   34.46   13  0.44     0.00    0  0.00  11  6 83  3.14 3.04 3.38
    0.00    0  0.00     0.00    0  0.00  10  6 85  3.14 3.04 3.38
   64.00    1  0.06     0.00    0  0.00  20  6 74  3.14 3.04 3.38
              disk0               disk4       cpu    load average
    KB/t  tps  MB/s     KB/t  tps  MB/s  us sy id   1m   5m   15m
   50.95   61  3.03     0.00    0  0.00  12  6 82  3.05 3.03 3.37
   19.33   12  0.23     0.00    0  0.00  14  6 80  3.05 3.03 3.37
   32.87   23  0.74     0.00    0  0.00  11  6 83  3.05 3.03 3.37
   34.10  159  5.30     0.00    0  0.00  18  5 77  3.05 3.03 3.37
   64.00    1  0.06     0.00    0  0.00  10  5 85  3.05 3.03 3.37
    8.00   12  0.09     0.00    0  0.00  11  6 83  2.96 3.01 3.37
   13.96   53  0.72     0.00    0  0.00  12  6 82  2.96 3.01 3.37
   55.27   22  1.18     0.00    0  0.00  10  5 85  2.96 3.01 3.37
    0.00    0  0.00     0.00    0  0.00   9  6 85  2.96 3.01 3.37
    4.00    4  0.02     0.00    0  0.00  19  6 74  2.96 3.01 3.37
   12.57    7  0.09     0.00    0  0.00  11  5 84  2.96 3.01 3.36
    6.20  128  0.78     0.00    0  0.00   9  5 86  2.96 3.01 3.36
   22.00   40  0.86     0.00    0  0.00  10  5 85  2.96 3.01 3.36
    0.00    0  0.00     0.00    0  0.00  10  5 85  2.96 3.01 3.36
   10.00    8  0.08     0.00    0  0.00  11  5 84  2.96 3.01 3.36
   42.67    3  0.12     0.00    0  0.00  10  5 85  2.97 3.01 3.36
    8.78   51  0.44     0.00    0  0.00  17  5 78  2.97 3.01 3.36
    0.00    0  0.00     0.00    0  0.00  10  6 85  2.97 3.01 3.36
    5.80  120  0.68     0.00    0  0.00  10  5 84  2.97 3.01 3.36
    0.00    0  0.00     0.00    0  0.00  18  6 76  2.97 3.01 3.36
              disk0               disk4       cpu    load average
    KB/t  tps  MB/s     KB/t  tps  MB/s  us sy id   1m   5m   15m
   22.67   12  0.26     0.00    0  0.00  12  6 82  3.21 3.06 3.38
    4.00    1  0.00     0.00    0  0.00  11  5 84  3.21 3.06 3.38
   16.00   11  0.17     0.00    0  0.00  10  5 85  3.21 3.06 3.38
   64.00    3  0.19     0.00    0  0.00  13  6 81  3.21 3.06 3.38
   64.00    2  0.12     0.00    0  0.00  12  6 83  3.21 3.06 3.38
   52.61  189  9.71     0.00    0  0.00  10  6 83  2.95 3.01 3.36
   21.76  116  2.46     0.00    0  0.00  18  5 77  2.95 3.01 3.36
   22.67    3  0.07     0.00    0  0.00  11  6 83  2.95 3.01 3.36
   10.00   16  0.16     0.00    0  0.00  12  6 82  2.95 3.01 3.36
   23.67   12  0.28     0.00    0  0.00  12  6 83  2.95 3.01 3.36
   16.00    9  0.14     0.00    0  0.00  11  6 83  3.44 3.11 3.39
   15.25   16  0.24     0.00    0  0.00  19  6 75  3.44 3.11 3.39
   10.00   16  0.16     0.00    0  0.00  11  5 83  3.44 3.11 3.39
   10.00    8  0.08     0.00    0  0.00  12  6 82  3.44 3.11 3.39
   64.00    1  0.06     0.00    0  0.00  14  6 80  3.44 3.11 3.39
   10.00    8  0.08     0.00    0  0.00  11  6 83  3.80 3.19 3.42
   12.57   70  0.86     0.00    0  0.00  18  6 76  3.80 3.19 3.42
    0.00    0  0.00     0.00    0  0.00  11  5 84  3.80 3.19 3.42
    0.00    0  0.00     0.00    0  0.00  10  6 84  3.80 3.19 3.42
   17.14    7  0.12     0.00    0  0.00  11  6 83  3.80 3.19 3.42
              disk0               disk4       cpu    load average
    KB/t  tps  MB/s     KB/t  tps  MB/s  us sy id   1m   5m   15m
   22.67   12  0.26     0.00    0  0.00  13  6 81  3.50 3.13 3.40
   10.82  186  1.97     0.00    0  0.00  18  6 76  3.50 3.13 3.40
   56.89    9  0.50     0.00    0  0.00  11  6 83  3.50 3.13 3.40
   20.36   11  0.22     0.00    0  0.00  11  6 83  3.50 3.13 3.40
   24.73   11  0.26     0.00    0  0.00  12  6 83  3.50 3.13 3.40
   64.00    2  0.12     0.00    0  0.00  11  6 83  3.22 3.08 3.38
    6.36   44  0.27     0.00    0  0.00  18  5 77  3.22 3.08 3.38
   64.00    1  0.06     0.00    0  0.00  11  6 83  3.22 3.08 3.38
    5.96  103  0.60     0.00    0  0.00  11  5 84  3.22 3.08 3.38
   64.00    4  0.25     0.00    0  0.00  10  6 84  3.22 3.08 3.38
   20.80   10  0.20     0.00    0  0.00  11  6 83  3.36 3.11 3.38
   16.50  120  1.94     0.00    0  0.00  12  6 82  3.36 3.11 3.38
   30.77   13  0.39     0.00    0  0.00  10  5 84  3.36 3.11 3.38
   48.90   40  1.90     0.00    0  0.00  12  6 82  3.36 3.11 3.38
   26.00   12  0.30     0.00    0  0.00  15  6 80  3.36 3.11 3.38
   11.00    8  0.09     0.00    0  0.00   7  4 89  3.09 3.06 3.36
   13.29  204  2.65     0.00    0  0.00   7  4 89  3.09 3.06 3.36
   18.51  238  4.30     0.00    0  0.00  12  6 82  3.09 3.06 3.36
   12.91   57  0.72     0.00    0  0.00   9  5 86  3.09 3.06 3.36
   43.67   12  0.51     0.00    0  0.00   7  4 88  3.09 3.06 3.36
              disk0               disk4       cpu    load average
    KB/t  tps  MB/s     KB/t  tps  MB/s  us sy id   1m   5m   15m
   22.95   76  1.70     0.00    0  0.00  19  8 72  3.00 3.04 3.36
   23.88   97  2.25     0.00    0  0.00  10  6 85  3.00 3.04 3.36
   55.59  618 33.55     0.00    0  0.00  17  7 76  3.00 3.04 3.36
   49.17   48  2.30     0.00    0  0.00   9  5 86  3.00 3.04 3.36
    0.00    0  0.00     0.00    0  0.00   2  1 96  3.00 3.04 3.36
   25.33   12  0.30     0.00    0  0.00   8  5 88  3.08 3.06 3.36
   53.71   96  5.01     0.00    0  0.00   8  5 86  3.08 3.06 3.36
   45.71    7  0.31     0.00    0  0.00  15  5 80  3.08 3.06 3.36
    5.00    4  0.02     0.00    0  0.00   8  4 88  3.08 3.06 3.36
   54.41  146  7.77     0.00    0  0.00  12  4 85  3.08 3.06 3.36
   20.81  672 13.66     0.00    0  0.00  13  6 80  4.04 3.26 3.43
   17.46 2212 37.73     0.00    0  0.00  26 10 65  4.04 3.26 3.43
   12.05  151  1.78     0.00    0  0.00   9  4 87  4.04 3.26 3.43
   16.00    9  0.14     0.00    0  0.00   3  2 96  4.04 3.26 3.43
   31.76   17  0.53     0.00    0  0.00   2  2 96  4.04 3.26 3.43
   11.33    6  0.07     0.00    0  0.00   4  2 94  3.79 3.22 3.41
   11.09   75  0.81     0.00    0  0.00   4  3 93  3.79 3.22 3.41
   15.73   75  1.15     0.00    0  0.00   9  5 87  3.79 3.22 3.41
    6.66  121  0.79     0.00    0  0.00   7  4 89  3.79 3.22 3.41
    0.00    0  0.00     0.00    0  0.00   6  3 91  3.79 3.22 3.41
              disk0               disk4       cpu    load average
    KB/t  tps  MB/s     KB/t  tps  MB/s  us sy id   1m   5m   15m
   20.80   10  0.20     0.00    0  0.00   4  2 94  3.57 3.18 3.40
   14.86    7  0.10     0.00    0  0.00   2  1 96  3.57 3.18 3.40
   39.20    5  0.19     0.00    0  0.00   2  1 97  3.57 3.18 3.40
   64.00    1  0.06     0.00    0  0.00   4  3 93  3.57 3.18 3.40
   40.00    2  0.08     0.00    0  0.00   6  4 90  3.57 3.18 3.40
   42.03   63  2.58     0.00    0  0.00   5  4 92  3.52 3.18 3.40
   14.75  169  2.43     0.00    0  0.00  15  4 80  3.52 3.18 3.40
   22.74 1428 31.70     0.00    0  0.00  11 10 79  3.52 3.18 3.40
    9.43 1434 13.21     0.00    0  0.00  13  7 80  3.52 3.18 3.40
   17.89   19  0.33     0.00    0  0.00   3  2 95  3.52 3.18 3.40
   18.22    9  0.16     0.00    0  0.00   2  1 97  3.32 3.14 3.38
   35.67   61  2.11     0.00    0  0.00  14  7 79  3.32 3.14 3.38
   26.49   45  1.16     0.00    0  0.00  10  5 85  3.32 3.14 3.38
   21.33   54  1.12     0.00    0  0.00   7  5 88  3.32 3.14 3.38
   35.72   29  1.01     0.00    0  0.00   4  3 93  3.32 3.14 3.38
   48.16   75  3.51     0.00    0  0.00   6  4 90  3.05 3.09 3.36
   51.35  216 10.82     0.00    0  0.00   9  4 87  3.05 3.09 3.36
   59.76 2081 121.45     0.00    0  0.00  13  6 81  3.05 3.09 3.36
   53.62  104  5.42     0.00    0  0.00  11  6 83  3.05 3.09 3.36
   64.00    3  0.19     0.00    0  0.00   8  5 87  3.05 3.09 3.36
              disk0               disk4       cpu    load average
    KB/t  tps  MB/s     KB/t  tps  MB/s  us sy id   1m   5m   15m
   64.00    4  0.25     0.00    0  0.00  11  6 83  2.81 3.04 3.34
    8.45  241  1.99     0.00    0  0.00   8  5 88  2.81 3.04 3.34
   30.69  427 12.79     0.00    0  0.00  13  8 79  2.81 3.04 3.34
   40.66  399 15.83     0.00    0  0.00   5  4 91  2.81 3.04 3.34
   39.39   46  1.76     0.00    0  0.00   5  4 91  2.81 3.04 3.34
   40.00   39  1.52     0.00    0  0.00   5  4 91  2.75 3.02 3.33
   37.02  117  4.24     0.00    0  0.00   6  3 91  2.75 3.02 3.33
   34.44   18  0.60     0.00    0  0.00  14  4 82  2.75 3.02 3.33
    5.53  138  0.75     0.00    0  0.00   4  4 92  2.75 3.02 3.33
    5.91  345  1.99     0.00    0  0.00   6  4 91  2.75 3.02 3.33
    0.00    0  0.00     0.00    0  0.00   2  2 96  2.60 2.99 3.32
   29.60    5  0.14     0.00    0  0.00   5  4 91  2.60 2.99 3.32
    0.00    0  0.00     0.00    0  0.00   6  3 91  2.60 2.99 3.32
   48.00    1  0.05     0.00    0  0.00   2  2 95  2.60 2.99 3.32
   29.52   21  0.60     0.00    0  0.00   6  3 91  2.60 2.99 3.32
   14.64  238  3.40     0.00    0  0.00   3  3 94  2.56 2.97 3.31
   64.00    1  0.06     0.00    0  0.00   7  3 89  2.56 2.97 3.31
   12.45   44  0.53     0.00    0  0.00   6  5 89  2.56 2.97 3.31
   43.25   16  0.67     0.00    0  0.00   7  4 90  2.56 2.97 3.31
   12.00    9  0.11     0.00    0  0.00   2  3 95  2.56 2.97 3.31
              disk0               disk4       cpu    load average
    KB/t  tps  MB/s     KB/t  tps  MB/s  us sy id   1m   5m   15m
   13.27  207  2.68     0.00    0  0.00   5  4 91  2.43 2.94 3.30
   34.86    7  0.24     0.00    0  0.00   5  4 91  2.43 2.94 3.30
   33.16  117  3.77     0.00    0  0.00   6  4 90  2.43 2.94 3.30
   32.67    6  0.19     0.00    0  0.00   5  5 91  2.43 2.94 3.30
   33.98  438 14.54     0.00    0  0.00   8  5 87  2.43 2.94 3.30
   28.35  202  5.60     0.00    0  0.00   7  5 87  2.56 2.96 3.30
    0.00    0  0.00     0.00    0  0.00  10  6 85  2.56 2.96 3.30
    0.00    0  0.00     0.00    0  0.00   2  2 95  2.56 2.96 3.30
    6.86    7  0.05     0.00    0  0.00   2  2 96  2.56 2.96 3.30
   10.00    4  0.04     0.00    0  0.00   1  2 97  2.56 2.96 3.30
   12.00    7  0.08     0.00    0  0.00   3  2 94  2.43 2.92 3.29
    4.99  181  0.88     0.00    0  0.00   3  3 94  2.43 2.92 3.29
   45.78   18  0.80     0.00    0  0.00   5  4 91  2.43 2.92 3.29
   32.00    2  0.06     0.00    0  0.00   4  4 92  2.43 2.92 3.29
   49.04   85  4.05     0.00    0  0.00   8  4 88  2.43 2.92 3.29
   20.57    7  0.14     0.00    0  0.00   7  4 90  2.32 2.89 3.27
    0.00    0  0.00     0.00    0  0.00   7  4 89  2.32 2.89 3.27
    0.00    0  0.00     0.00    0  0.00   2  1 97  2.32 2.89 3.27
   49.33   81  3.88     0.00    0  0.00   6  3 91  2.32 2.89 3.27
   37.00    4  0.14     0.00    0  0.00  10  5 85  2.32 2.89 3.27
              disk0               disk4       cpu    load average
    KB/t  tps  MB/s     KB/t  tps  MB/s  us sy id   1m   5m   15m
   48.00    1  0.05     0.00    0  0.00   8  5 88  2.21 2.86 3.26
   56.60  944 52.16     0.00    0  0.00   9  6 86  2.21 2.86 3.26
   34.00    8  0.26     0.00    0  0.00  10  6 84  2.21 2.86 3.26
    4.00    1  0.00     0.00    0  0.00   5  4 91  2.21 2.86 3.26
   40.91   35  1.39     0.00    0  0.00   8  3 89  2.21 2.86 3.26
   13.28  286  3.71     0.00    0  0.00   8  5 88  2.35 2.88 3.27
   15.00   16  0.23     0.00    0  0.00   5  4 90  2.35 2.88 3.27
    0.00    0  0.00     0.00    0  0.00   8  5 87  2.35 2.88 3.27
   31.95   74  2.30     0.00    0  0.00  16  7 77  2.35 2.88 3.27
   20.94   17  0.35     0.00    0  0.00   5  4 91  2.35 2.88 3.27
   22.07  271  5.83     0.00    0  0.00   6  5 89  2.41 2.88 3.26
   18.97   58  1.07     0.00    0  0.00  15  7 78  2.41 2.88 3.26
   64.00    1  0.06     0.00    0  0.00   7  4 89  2.41 2.88 3.26
    0.00    0  0.00     0.00    0  0.00   5  3 92  2.41 2.88 3.26
   64.00    6  0.37     0.00    0  0.00   4  3 93  2.41 2.88 3.26
   16.63   19  0.31     0.00    0  0.00   7  4 89  2.53 2.90 3.27
    0.00    0  0.00     0.00    0  0.00   4  3 93  2.53 2.90 3.27
   40.23  523 20.53     0.00    0  0.00  14  8 78  2.53 2.90 3.27
    6.82 1684 11.22     0.00    0  0.00   8  5 88  2.53 2.90 3.27
   36.00   11  0.38     0.00    0  0.00   2  3 96  2.53 2.90 3.27
              disk0               disk4       cpu    load average
    KB/t  tps  MB/s     KB/t  tps  MB/s  us sy id   1m   5m   15m
    7.27   11  0.08     0.00    0  0.00   2  2 96  2.41 2.87 3.25
   21.40  190  3.97     0.00    0  0.00   3  2 95  2.41 2.87 3.25
   25.12  266  6.54     0.00    0  0.00   5  3 91  2.41 2.87 3.25
   23.67   24  0.55     0.00    0  0.00   6  4 90  2.41 2.87 3.25
   56.89    9  0.50     0.00    0  0.00  10  5 84  2.41 2.87 3.25
   41.56   36  1.46     0.00    0  0.00   8  4 88  2.22 2.82 3.23
   43.11   18  0.76     0.00    0  0.00   5  4 92  2.22 2.82 3.23
