---------NEW-TRIAL----------
              disk0               disk4       cpu    load average
    KB/t  tps  MB/s     KB/t  tps  MB/s  us sy id   1m   5m   15m
   13.86  281  3.80     8.60    0  0.00  15  5 80  1.05 2.08 3.68
   20.87 1841 37.51     0.00    0  0.00  10  5 85  1.05 2.08 3.68
    6.69  244  1.60     0.00    0  0.00  17  4 80  1.05 2.08 3.68
   50.67    3  0.15     0.00    0  0.00  14  2 84  1.05 2.08 3.68
    7.50 4183 30.65     0.00    0  0.00  14  5 81  1.05 2.08 3.68
    5.84 5700 32.49     0.00    0  0.00  16  4 80  1.13 2.08 3.67
    5.60 2987 16.35     0.00    0  0.00  19  4 77  1.13 2.08 3.67
    5.88 5672 32.58     0.00    0  0.00  16  4 79  1.13 2.08 3.67
    5.24 3252 16.65     0.00    0  0.00  25  5 70  1.13 2.08 3.67
    5.42 6078 32.19     0.00    0  0.00  13  3 85  1.13 2.08 3.67
    6.18 2670 16.11     0.00    0  0.00  13  2 86  1.12 2.06 3.66
    5.87 5609 32.14     0.00    0  0.00  12  2 87  1.12 2.06 3.66
    5.75 2948 16.56     0.00    0  0.00  13  2 85  1.12 2.06 3.66
    8.20 3845 30.79     0.00    0  0.00  12  2 86  1.12 2.06 3.66
    6.03 4176 24.61     0.00    0  0.00  14  2 84  1.12 2.06 3.66
    7.00 4697 32.11     0.00    0  0.00  13  2 85  1.11 2.04 3.64
    5.28 3125 16.11     0.00    0  0.00  18  2 81  1.11 2.04 3.64
    6.07 5505 32.62     0.00    0  0.00  13  2 84  1.11 2.04 3.64
    6.00 2747 16.10     0.00    0  0.00  13  1 86  1.11 2.04 3.64
    6.02 5882 34.57     0.00    0  0.00  12  2 86  1.11 2.04 3.64
              disk0               disk4       cpu    load average
    KB/t  tps  MB/s     KB/t  tps  MB/s  us sy id   1m   5m   15m
    6.00 2757 16.16     0.00    0  0.00  13  2 84  1.10 2.03 3.62
    5.81 5678 32.21     0.00    0  0.00  12  2 86  1.10 2.03 3.62
    4.98 2604 12.66     0.00    0  0.00  13  1 86  1.10 2.03 3.62
  393.77  112 43.22     0.00    0  0.00  15  1 84  1.10 2.03 3.62
  353.89   93 31.98     0.00    0  0.00  16  2 82  1.10 2.03 3.62
  427.32   77 32.00     0.00    0  0.00  14  2 84  1.09 2.01 3.61
  442.92   37 15.98     0.00    0  0.00  14  1 85  1.09 2.01 3.61
  374.45   93 33.94     0.00    0  0.00  14  1 85  1.09 2.01 3.61
  437.01   75 31.90     0.00    0  0.00  14  1 84  1.09 2.01 3.61
  448.88   73 31.89     0.00    0  0.00  14  1 85  1.09 2.01 3.61
  142.60  119 16.64     0.00    0  0.00  13  1 85  1.08 1.99 3.59
  209.39  203 41.50     0.00    0  0.00  14  1 85  1.08 1.99 3.59
  452.92   52 22.96     0.00    0  0.00  14  1 84  1.08 1.99 3.59
  468.11   70 31.88     0.00    0  0.00  14  1 85  1.08 1.99 3.59
  468.11   70 31.87     0.00    0  0.00  13  1 85  1.08 1.99 3.59
  468.11   35 15.97     0.00    0  0.00  14  1 85  1.08 1.98 3.58
  449.21   73 31.87     0.00    0  0.00  14  1 84  1.08 1.98 3.58
  468.11   70 31.94     0.00    0  0.00  14  1 85  1.08 1.98 3.58
  468.11   70 31.89     0.00    0  0.00  14  1 85  1.08 1.98 3.58
  330.76   55 17.69     0.00    0  0.00  13  1 86  1.08 1.98 3.58
              disk0               disk4       cpu    load average
    KB/t  tps  MB/s     KB/t  tps  MB/s  us sy id   1m   5m   15m
  431.16   95 39.86     0.00    0  0.00  14  1 85  1.07 1.96 3.56
  442.81   37 15.93     0.00    0  0.00  13  1 86  1.07 1.96 3.56
  234.89  140 32.20     0.00    0  0.00  14  1 84  1.07 1.96 3.56
  368.93   90 32.29     0.00    0  0.00  13  1 86  1.07 1.96 3.56
  415.09   79 31.97     0.00    0  0.00  14  1 85  1.07 1.96 3.56
  436.91   75 31.88     0.00    0  0.00  13  1 85  1.06 1.94 3.55
  232.06  142 32.25     0.00    0  0.00  14  1 85  1.06 1.94 3.55
  425.56   77 31.94     0.00    0  0.00  14  1 85  1.06 1.94 3.55
  420.10   39 15.93     0.00    0  0.00  14  1 85  1.06 1.94 3.55
  168.39  207 34.01     0.00    0  0.00  13  2 84  1.06 1.94 3.55
  239.97  138 32.45     0.00    0  0.00  14  3 83  1.22 1.96 3.54
  416.69   35 14.20     0.00    0  0.00  13  1 85  1.22 1.96 3.54
    7.42 6010 43.57     0.00    0  0.00  12  1 87  1.22 1.96 3.54
    6.08 5417 32.17     0.00    0  0.00  12  1 86  1.22 1.96 3.54
    5.69 2943 16.36     0.00    0  0.00  13  1 86  1.22 1.96 3.54
    5.18 6359 32.18     0.00    0  0.00  11  2 87  1.20 1.94 3.53
    6.00 2754 16.13     0.00    0  0.00  18  2 80  1.20 1.94 3.53
    5.65 5856 32.29     0.00    0  0.00  11  1 88  1.20 1.94 3.53
    5.11 3223 16.09     0.00    0  0.00  12  1 87  1.20 1.94 3.53
    6.32 5781 35.68     0.00    0  0.00  18  4 78  1.20 1.94 3.53
              disk0               disk4       cpu    load average
    KB/t  tps  MB/s     KB/t  tps  MB/s  us sy id   1m   5m   15m
    5.06 2519 12.44     0.00    0  0.00  17  5 78  1.26 1.94 3.52
   37.26 1217 44.29     0.00    0  0.00  13  2 85  1.26 1.94 3.52
  370.20   89 32.03     0.00    0  0.00  14  1 85  1.26 1.94 3.52
  468.11   70 31.99     0.00    0  0.00  14  1 85  1.26 1.94 3.52
  468.11   35 15.94     0.00    0  0.00  13  1 86  1.26 1.94 3.52
  461.75   71 31.95     0.00    0  0.00  13  1 85  1.24 1.93 3.50
  468.11   70 31.87     0.00    0  0.00  14  1 85  1.24 1.93 3.50
  468.11   35 15.95     0.00    0  0.00  14  1 85  1.24 1.93 3.50
  378.18   88 32.35     0.00    0  0.00  13  1 86  1.24 1.93 3.50
   67.65  486 32.12     0.00    0  0.00  13  1 85  1.24 1.93 3.50
  322.25  103 32.36     0.00    0  0.00  13  1 86  1.22 1.91 3.49
  409.60   80 31.83     0.00    0  0.00  13  1 86  1.22 1.91 3.49
  203.75  163 32.41     0.00    0  0.00  14  1 85  1.22 1.91 3.49
  145.62  116 16.44     0.00    0  0.00  14  1 84  1.22 1.91 3.49
  382.53   87 32.41     0.00    0  0.00  13  1 85  1.22 1.91 3.49
  386.16   85 31.92     0.00    0  0.00  14  1 85  1.21 1.90 3.48
  364.89   45 16.01     0.00    0  0.00  13  1 86  1.21 1.90 3.48
  346.28  107 36.01     0.00    0  0.00  13  1 86  1.21 1.90 3.48
  455.11   99 43.92     0.00    0  0.00  14  1 85  1.21 1.90 3.48
   91.57  197 17.61     0.00    0  0.00  13  2 85  1.21 1.90 3.48
              disk0               disk4       cpu    load average
    KB/t  tps  MB/s     KB/t  tps  MB/s  us sy id   1m   5m   15m
  152.00  224 33.22     0.00    0  0.00  15  1 84  1.19 1.88 3.46
  449.10   73 31.91     0.00    0  0.00  14  1 85  1.19 1.88 3.46
  411.05   80 32.04     0.00    0  0.00  14  1 85  1.19 1.88 3.46
  455.11   36 15.98     0.00    0  0.00  13  1 86  1.19 1.88 3.46
  449.10   73 31.98     0.00    0  0.00  14  1 85  1.19 1.88 3.46
  448.75   69 30.19     0.00    0  0.00  13  1 85  1.17 1.87 3.45
  373.17  120 43.57     0.00    0  0.00  14  1 85  1.17 1.87 3.45
  421.38   78 31.99     0.00    0  0.00  13  1 86  1.17 1.87 3.45
  455.89   36 15.98     0.00    0  0.00  14  1 85  1.17 1.87 3.45
  449.42   73 32.00     0.00    0  0.00  13  1 86  1.17 1.87 3.45
  474.90   69 31.83     0.00    0  0.00  14  1 85  1.16 1.85 3.43
  191.04  175 32.62     0.00    0  0.00  14  2 84  1.16 1.85 3.43
  421.74   39 16.01     0.00    0  0.00  14  1 85  1.16 1.85 3.43
  449.42   73 31.88     0.00    0  0.00  14  1 85  1.16 1.85 3.43
  342.25   89 29.64     0.00    0  0.00  14  1 85  1.16 1.85 3.43
  418.59  108 43.95     0.00    0  0.00  13  1 86  1.15 1.84 3.42
  431.16   38 15.92     0.00    0  0.00  14  1 85  1.15 1.84 3.42
  442.81   74 31.88     0.00    0  0.00  13  1 86  1.15 1.84 3.42
  442.81   74 31.99     0.00    0  0.00  14  1 85  1.15 1.84 3.42
  394.36   56 21.49     0.00    0  0.00  13  1 86  1.15 1.84 3.42
              disk0               disk4       cpu    load average
    KB/t  tps  MB/s     KB/t  tps  MB/s  us sy id   1m   5m   15m
  393.86   69 26.48     0.00    0  0.00  13  1 85  1.29 1.86 3.41
  236.49  140 32.30     0.00    0  0.00  14  1 85  1.29 1.86 3.41
  372.14   57 20.61     0.00    0  0.00  14  1 85  1.29 1.86 3.41
  374.52  119 43.36     0.00    0  0.00  14  1 85  1.29 1.86 3.41
  436.91   75 31.98     0.00    0  0.00  13  1 86  1.29 1.86 3.41
  455.11   72 31.84     0.00    0  0.00  13  1 85  1.27 1.84 3.40
  400.98   41 15.99     0.00    0  0.00  13  1 85  1.27 1.84 3.40
  241.49  137 32.22     0.00    0  0.00  14  1 85  1.27 1.84 3.40
  396.43   83 32.03     0.00    0  0.00  13  1 86  1.27 1.84 3.40
  171.84  199 33.32     0.00    0  0.00  14  3 84  1.27 1.84 3.40
  431.58   38 15.95     0.00    0  0.00  13  1 86  1.25 1.83 3.39
  306.97  113 33.85     0.00    0  0.00  14  3 83  1.25 1.83 3.39
  426.75   96 39.80     0.00    0  0.00  14  1 85  1.25 1.83 3.39
  436.91   75 31.87     0.00    0  0.00  14  1 85  1.25 1.83 3.39
   35.89  916 32.11     0.00    0  0.00  17  3 80  1.25 1.83 3.39
  442.81   74 31.97     0.00    0  0.00  13  1 85  1.23 1.81 3.37
  405.43   81 32.03     0.00    0  0.00  13  1 86  1.23 1.81 3.37
  346.78   95 32.12     0.00    0  0.00  14  1 85  1.23 1.81 3.37
  431.26   38 15.92     0.00    0  0.00  14  1 85  1.23 1.81 3.37
  375.45   73 26.73     0.00    0  0.00  13  1 85  1.23 1.81 3.37
              disk0               disk4       cpu    load average
    KB/t  tps  MB/s     KB/t  tps  MB/s  us sy id   1m   5m   15m
    7.17 6243 43.73     0.00    0  0.00  11  1 87  1.21 1.80 3.36
    5.45 3181 16.92     0.00    0  0.00  14  2 84  1.21 1.80 3.36
    5.36 6184 32.35     0.00    0  0.00  11  2 87  1.21 1.80 3.36
    5.04 3352 16.50     0.00    0  0.00  12  1 87  1.21 1.80 3.36
    5.46 6064 32.31     0.00    0  0.00  12  2 87  1.21 1.80 3.36
    5.41 3050 16.10     0.00    0  0.00  12  1 87  1.19 1.79 3.34
    5.58 5917 32.22     0.00    0  0.00  12  1 87  1.19 1.79 3.34
    5.42 3054 16.16     0.00    0  0.00  12  1 87  1.19 1.79 3.34
    5.32 5367 27.88     0.00    0  0.00  11  1 88  1.19 1.79 3.34
  376.81  113 41.46     0.00    0  0.00  13  1 85  1.19 1.79 3.34
  421.13   39 16.00     0.00    0  0.00  13  1 86  1.18 1.77 3.33
  295.07  112 32.22     0.00    0  0.00  13  1 85  1.18 1.77 3.33
  489.07   67 31.95     0.00    0  0.00  14  1 85  1.18 1.77 3.33
  481.88   34 15.93     0.00    0  0.00  13  1 85  1.18 1.77 3.33
  475.09   70 32.43     0.00    0  0.00  13  1 86  1.18 1.77 3.33
  405.37   70 27.58     0.00    0  0.00  14  1 85  1.16 1.76 3.32
  347.91  127 43.31     0.00    0  0.00  14  1 85  1.16 1.76 3.32
  390.24   84 31.92     0.00    0  0.00  14  1 85  1.16 1.76 3.32
  342.58   48 16.00     0.00    0  0.00  14  1 85  1.16 1.76 3.32
  167.75  204 33.40     0.00    0  0.00  14  2 84  1.16 1.76 3.32
              disk0               disk4       cpu    load average
    KB/t  tps  MB/s     KB/t  tps  MB/s  us sy id   1m   5m   15m
  376.97   87 31.88     0.00    0  0.00  13  1 85  1.15 1.75 3.30
  372.73   88 32.00     0.00    0  0.00  14  2 85  1.15 1.75 3.30
  356.87   46 15.97     0.00    0  0.00  13  1 86  1.15 1.75 3.30
  395.18   83 31.95     0.00    0  0.00  14  2 85  1.15 1.75 3.30
  326.27  104 32.98     0.00    0  0.00  14  1 85  1.15 1.75 3.30
  404.74   81 31.94     0.00    0  0.00  13  1 85  1.30 1.77 3.30
  420.10   78 31.86     0.00    0  0.00  13  1 85  1.30 1.77 3.30
  420.10   78 31.96     0.00    0  0.00  14  1 85  1.30 1.77 3.30
   52.49  356 18.27     0.00    0  0.00  13  1 85  1.30 1.77 3.30
  307.22  107 32.24     0.00    0  0.00  14  1 85  1.30 1.77 3.30
  385.98   85 31.89     0.00    0  0.00  13  1 86  1.27 1.76 3.29
   82.68  261 21.06     0.00    0  0.00  14  2 83  1.27 1.76 3.29
  407.42   76 30.14     0.00    0  0.00  14  1 85  1.27 1.76 3.29
   39.43 1731 66.66     0.00    0  0.00  17  2 81  1.27 1.76 3.29
  197.85  168 32.51     0.00    0  0.00  14  1 85  1.27 1.76 3.29
  356.17   46 15.97     0.00    0  0.00  14  1 85  1.25 1.74 3.27
   66.45  651 42.23     0.00    0  0.00  14  2 84  1.25 1.74 3.27
  331.68   99 32.03     0.00    0  0.00  13  1 85  1.25 1.74 3.27
  341.62   95 31.85     0.00    0  0.00  14  1 85  1.25 1.74 3.27
  356.17   46 15.92     0.00    0  0.00  13  1 86  1.25 1.74 3.27
              disk0               disk4       cpu    load average
    KB/t  tps  MB/s     KB/t  tps  MB/s  us sy id   1m   5m   15m
  348.77   94 31.95     0.00    0  0.00  13  1 85  1.23 1.73 3.26
  187.48  178 32.52     0.00    0  0.00  13  1 85  1.23 1.73 3.26
  128.90  261 32.91     0.00    0  0.00  14  2 85  1.23 1.73 3.26
  348.89   94 32.00     0.00    0  0.00  14  1 85  1.23 1.73 3.26
  360.22   91 31.96     0.00    0  0.00  13  1 85  1.23 1.73 3.26
  364.09   45 15.97     0.00    0  0.00  13  1 85  1.37 1.75 3.26
  299.31  109 31.99     0.00    0  0.00  14  1 85  1.37 1.75 3.26
  106.72  321 33.49     0.00    0  0.00  13  1 86  1.37 1.75 3.26
  300.80   55 16.07     0.00    0  0.00  14  1 85  1.37 1.75 3.26
  180.78  241 42.48     0.00    0  0.00  13  2 84  1.37 1.75 3.26
  409.80   80 31.87     0.00    0  0.00  13  1 86  1.34 1.74 3.24
  399.76   82 31.89     0.00    0  0.00  14  1 85  1.34 1.74 3.24
  399.61   41 15.93     0.00    0  0.00  13  1 86  1.34 1.74 3.24
  217.70  154 32.83     0.00    0  0.00  14  2 84  1.34 1.74 3.24
   51.00 1402 69.81     0.00    0  0.00  33  6 62  1.34 1.74 3.24
   35.70  800 27.90     0.00    0  0.00  18  2 80  1.31 1.73 3.23
  314.25  104 32.05     0.00    0  0.00  15  2 84  1.31 1.73 3.23
  164.73  180 29.00     0.00    0  0.00  14  2 84  1.31 1.73 3.23
  369.64   88 31.66     0.00    0  0.00  13  1 85  1.31 1.73 3.23
  112.76  305 33.58     0.00    0  0.00  14  2 85  1.31 1.73 3.23
              disk0               disk4       cpu    load average
    KB/t  tps  MB/s     KB/t  tps  MB/s  us sy id   1m   5m   15m
  356.61   92 31.98     0.00    0  0.00  13  1 86  1.29 1.71 3.22
  103.83  330 33.42     0.00    0  0.00  14  2 84  1.29 1.71 3.22
  115.67  158 17.88     0.00    0  0.00  15  1 83  1.29 1.71 3.22
  364.44   90 31.94     0.00    0  0.00  14  1 85  1.29 1.71 3.22
  325.58  101 31.96     0.00    0  0.00  13  1 85  1.29 1.71 3.22
  249.88   51 12.40     0.00    0  0.00  14  1 85  1.43 1.73 3.22
  408.19  104 41.32     0.00    0  0.00  13  1 85  1.43 1.73 3.22
  455.11   72 31.95     0.00    0  0.00  13  1 86  1.43 1.73 3.22
  431.95   76 31.97     0.00    0  0.00  14  1 85  1.43 1.73 3.22
  456.22   72 32.02     0.00    0  0.00  13  1 85  1.43 1.73 3.22
  329.28   50 15.99     0.00    0  0.00  13  1 85  1.55 1.76 3.21
  240.17  138 32.35     0.00    0  0.00  13  1 85  1.55 1.76 3.21
   58.16  610 34.62     0.00    0  0.00  24  6 70  1.55 1.76 3.21
   52.92  540 27.91     0.00    0  0.00  20  9 71  1.55 1.76 3.21
  166.38  170 27.58     0.00    0  0.00  22  6 73  1.55 1.76 3.21
  196.91  166 32.00     0.00    0  0.00  22  5 73  1.59 1.76 3.21
   53.74  653 34.26     0.00    0  0.00  23  7 69  1.59 1.76 3.21
   31.51 1276 39.25     0.00    0  0.00  27  7 65  1.59 1.76 3.21
   58.41  606 34.58     0.00    0  0.00  29  8 63  1.59 1.76 3.21
   57.12  335 18.68     0.00    0  0.00  24  6 70  1.59 1.76 3.21
              disk0               disk4       cpu    load average
    KB/t  tps  MB/s     KB/t  tps  MB/s  us sy id   1m   5m   15m
  168.14  196 32.25     0.00    0  0.00  17  3 80  1.54 1.75 3.19
  224.66  146 32.01     0.00    0  0.00  13  2 85  1.54 1.75 3.19
  195.57   75 14.28     0.00    0  0.00  14  2 85  1.54 1.75 3.19
  401.41  111 43.35     0.00    0  0.00  14  2 84  1.54 1.75 3.19
  421.74   78 31.98     0.00    0  0.00  15  1 84  1.54 1.75 3.19
  489.31   67 31.91     0.00    0  0.00  14  1 85  1.58 1.75 3.19
  474.90   69 31.90     0.00    0  0.00  13  1 85  1.58 1.75 3.19
  496.48   33 15.93     0.00    0  0.00  13  1 85  1.58 1.75 3.19
  333.98   98 32.12     0.00    0  0.00  14  1 84  1.58 1.75 3.19
  148.33  253 36.69     0.00    0  0.00  18  3 79  1.58 1.75 3.19
  400.20   41 15.97     0.00    0  0.00  17  3 80  1.93 1.82 3.20
  144.63  348 49.11     0.00    0  0.00  18  3 79  1.93 1.82 3.20
  339.44   50 16.53     0.00    0  0.00  18  2 80  1.93 1.82 3.20
  348.00   95 32.15     0.00    0  0.00  16  2 82  1.93 1.82 3.20
  425.61   77 31.84     0.00    0  0.00  14  1 85  1.93 1.82 3.20
  425.56   77 31.93     0.00    0  0.00  13  1 85  1.86 1.81 3.19
  387.72   43 16.20     0.00    0  0.00  14  1 86  1.86 1.81 3.19
  395.61   83 31.92     0.00    0  0.00  14  1 85  1.86 1.81 3.19
  348.00   95 32.21     0.00    0  0.00  14  2 84  1.86 1.81 3.19
  264.62   64 16.50     0.00    0  0.00  14  2 85  1.86 1.81 3.19
              disk0               disk4       cpu    load average
    KB/t  tps  MB/s     KB/t  tps  MB/s  us sy id   1m   5m   15m
  310.05  127 38.37     0.00    0  0.00  14  2 84  1.79 1.79 3.18
  164.08  202 32.37     0.00    0  0.00  14  1 85  1.79 1.79 3.18
  272.96  120 32.12     0.00    0  0.00  14  1 85  1.79 1.79 3.18
  327.68   50 15.98     0.00    0  0.00  14  1 85  1.79 1.79 3.18
  324.59  100 31.85     0.00    0  0.00  13  1 86  1.79 1.79 3.18
  300.92  109 32.01     0.00    0  0.00  14  1 85  1.72 1.78 3.16
  312.34  105 31.93     0.00    0  0.00  14  1 85  1.72 1.78 3.16
  292.93   56 15.94     0.00    0  0.00  13  2 85  1.72 1.78 3.16
  300.11  111 32.49     0.00    0  0.00  13  2 85  1.72 1.78 3.16
  138.44  347 46.97     0.00    0  0.00  14  2 84  1.72 1.78 3.16
  431.58   38 15.97     0.00    0  0.00  14  1 85  1.75 1.78 3.16
  442.81   74 31.87     0.00    0  0.00  14  1 85  1.75 1.78 3.16
  442.81   74 31.88     0.00    0  0.00  13  1 85  1.75 1.78 3.16
  400.29   41 15.96     0.00    0  0.00  14  1 85  1.75 1.78 3.16
  386.07   85 31.98     0.00    0  0.00  14  1 85  1.75 1.78 3.16
  405.09   81 31.89     0.00    0  0.00  13  1 85  2.01 1.84 3.17
  337.92   48 15.82     0.00    0  0.00  14  1 85  2.01 1.84 3.17
  268.94  140 36.86     0.00    0  0.00  13  2 86  2.01 1.84 3.17
  253.17  130 32.04     0.00    0  0.00  14  1 85  2.01 1.84 3.17
  315.12  104 31.94     0.00    0  0.00  13  1 85  2.01 1.84 3.17
              disk0               disk4       cpu    load average
    KB/t  tps  MB/s     KB/t  tps  MB/s  us sy id   1m   5m   15m
  322.08   75 23.53     0.00    0  0.00  13  1 85  1.93 1.82 3.15
  167.41  251 41.02     0.00    0  0.00  14  2 84  1.93 1.82 3.15
  395.18   83 31.90     0.00    0  0.00  14  1 85  1.93 1.82 3.15
  390.48   42 15.96     0.00    0  0.00  14  1 85  1.93 1.82 3.15
  373.55   88 32.03     0.00    0  0.00  13  2 85  1.93 1.82 3.15
  436.96   75 31.99     0.00    0  0.00  14  2 85  2.01 1.84 3.15
  409.90   40 15.95     0.00    0  0.00  14  1 85  2.01 1.84 3.15
  395.47   83 31.89     0.00    0  0.00  13  1 86  2.01 1.84 3.15
  369.90   84 30.21     0.00    0  0.00  13  1 85  2.01 1.84 3.15
  390.93  104 39.88     0.00    0  0.00  13  1 86  2.01 1.84 3.15
  392.10   42 16.05     0.00    0  0.00  13  1 86  1.93 1.83 3.14
  266.81  123 32.15     0.00    0  0.00  14  1 85  1.93 1.83 3.14
  455.11   72 31.83     0.00    0  0.00  13  1 86  1.93 1.83 3.14
  415.90   80 32.48     0.00    0  0.00  14  1 85  1.93 1.83 3.14
  149.70  115 16.79     0.00    0  0.00  15  2 83  1.93 1.83 3.14
  381.77  119 44.54     0.00    0  0.00  14  2 84  2.02 1.85 3.14
  442.81   74 31.96     0.00    0  0.00  13  1 86  2.02 1.85 3.14
  431.16   38 15.94     0.00    0  0.00  14  1 85  2.02 1.85 3.14
  415.14   79 31.92     0.00    0  0.00  13  3 84  2.02 1.85 3.14
  147.74  232 33.40     0.00    0  0.00  14  3 83  2.02 1.85 3.14
              disk0               disk4       cpu    load average
    KB/t  tps  MB/s     KB/t  tps  MB/s  us sy id   1m   5m   15m
  410.00   40 16.00     0.00    0  0.00  13  1 86  1.93 1.83 3.13
  199.09  171 33.15     0.00    0  0.00  15  1 84  1.93 1.83 3.13
  421.39   66 27.14     0.00    0  0.00  13  2 85  1.93 1.83 3.13
  327.91  135 43.18     0.00    0  0.00  13  2 85  1.93 1.83 3.13
  261.72   65 16.53     0.00    0  0.00  15  1 84  1.93 1.83 3.13
  425.56   77 31.84     0.00    0  0.00  16  1 83  1.86 1.82 3.11
  442.81   74 31.95     0.00    0  0.00  13  1 85  1.86 1.82 3.11
  431.58   76 31.94     0.00    0  0.00  14  1 85  1.86 1.82 3.11
  400.78   41 16.04     0.00    0  0.00  15  1 84  1.86 1.82 3.11
  415.09   79 31.87     0.00    0  0.00  15  2 83  1.86 1.82 3.11
  400.10   82 31.88     0.00    0  0.00  13  2 85  1.79 1.81 3.10
   76.02  188 13.97     0.00    0  0.00  14  2 84  1.79 1.81 3.10
  484.47   93 43.94     0.00    0  0.00  13  2 84  1.79 1.81 3.10
  276.70   80 21.55     0.00    0  0.00  13  1 86  1.79 1.81 3.10
  265.13  155 40.19     0.00    0  0.00  14  1 85  1.79 1.81 3.10
  306.37  107 32.16     0.00    0  0.00  15  2 83  1.73 1.79 3.09
  420.51   39 15.99     0.00    0  0.00  13  1 85  1.73 1.79 3.09
   50.91  966 48.01     0.00    0  0.00  18  4 78  1.73 1.79 3.09
  354.11   92 31.98     0.00    0  0.00  14  2 84  1.73 1.79 3.09
  455.11   36 15.93     0.00    0  0.00  13  1 86  1.73 1.79 3.09
              disk0               disk4       cpu    load average
    KB/t  tps  MB/s     KB/t  tps  MB/s  us sy id   1m   5m   15m
  431.79   76 31.92     0.00    0  0.00  14  2 84  1.67 1.78 3.08
  175.67   97 16.58     0.00    0  0.00  15  2 84  1.67 1.78 3.08
  345.06  117 39.37     0.00    0  0.00  13  1 85  1.67 1.78 3.08
  367.87   90 32.26     0.00    0  0.00  13  1 85  1.67 1.78 3.08
  376.92   87 31.88     0.00    0  0.00  13  1 86  1.67 1.78 3.08
  399.61   41 15.93     0.00    0  0.00  14  1 85  1.61 1.77 3.06
  404.54   81 31.89     0.00    0  0.00  13  1 86  1.61 1.77 3.06
  176.90  265 45.77     0.00    0  0.00  14  1 85  1.61 1.77 3.06
  164.92  100 16.04     0.00    0  0.00  14  1 85  1.61 1.77 3.06
  113.02  302 33.32     0.00    0  0.00  14  2 85  1.61 1.77 3.06
  134.90  259 34.09     0.00    0  0.00  13  2 85  1.56 1.75 3.05
  182.11  179 31.83     0.00    0  0.00  14  1 85  1.56 1.75 3.05
  190.56   86 15.99     0.00    0  0.00  14  1 85  1.56 1.75 3.05
  165.72  197 31.92     0.00    0  0.00  14  1 85  1.56 1.75 3.05
  184.17  120 21.56     0.00    0  0.00  13  1 85  1.56 1.75 3.05
  381.78  117 43.47     0.00    0  0.00  13  1 85  1.52 1.74 3.04
  442.86   74 31.93     0.00    0  0.00  13  1 86  1.52 1.74 3.04
  410.10   40 15.94     0.00    0  0.00  13  1 85  1.52 1.74 3.04
  411.20   80 31.95     0.00    0  0.00  13  1 85  1.52 1.74 3.04
  468.11   70 31.88     0.00    0  0.00  14  1 85  1.52 1.74 3.04
              disk0               disk4       cpu    load average
    KB/t  tps  MB/s     KB/t  tps  MB/s  us sy id   1m   5m   15m
  461.52   71 31.96     0.00    0  0.00  14  1 85  1.48 1.73 3.03
   91.87  189 16.98     0.00    0  0.00  14  1 85  1.48 1.73 3.03
  435.18   73 30.98     0.00    0  0.00  14  2 84  1.48 1.73 3.03
  176.58  254 43.79     0.00    0  0.00  15  2 83  1.48 1.73 3.03
  227.72   72 15.95     0.00    0  0.00  14  1 85  1.48 1.73 3.03
  229.51  142 31.90     0.00    0  0.00  13  1 85  1.44 1.71 3.01
  228.03  144 31.96     0.00    0  0.00  14  1 85  1.44 1.71 3.01
  223.35  147 32.03     0.00    0  0.00  13  1 86  1.44 1.71 3.01
   80.58  228 17.91     0.00    0  0.00  16  2 82  1.44 1.71 3.01
  224.68  145 31.80     0.00    0  0.00  14  1 85  1.44 1.71 3.01
  112.89  303 33.46     0.00    0  0.00  14  3 83  1.48 1.72 3.01
  120.21  230 26.94     0.00    0  0.00  13  1 85  1.48 1.72 3.01
  332.65  141 45.81     0.00    0  0.00  14  1 85  1.48 1.72 3.01
  343.92   50 16.64     0.00    0  0.00  14  1 85  1.48 1.72 3.01
  420.31   77 31.75     0.00    0  0.00  13  1 86  1.48 1.72 3.01
  415.44   79 31.95     0.00    0  0.00  14  1 85  1.44 1.71 3.00
  223.07  149 32.38     0.00    0  0.00  18  1 81  1.44 1.71 3.00
  373.09   44 15.97     0.00    0  0.00  13  1 85  1.44 1.71 3.00
  245.99  136 32.62     0.00    0  0.00  14  2 84  1.44 1.71 3.00
  120.37  246 28.89     0.00    0  0.00  15  2 83  1.44 1.71 3.00
              disk0               disk4       cpu    load average
    KB/t  tps  MB/s     KB/t  tps  MB/s  us sy id   1m   5m   15m
   20.52 1115 22.34     0.00    0  0.00  13  1 86  1.41 1.69 2.98
  396.95  113 43.94     0.00    0  0.00  14  2 85  1.41 1.69 2.98
  468.11   35 15.91     0.00    0  0.00  14  1 85  1.41 1.69 2.98
   78.91  545 42.01     0.00    0  0.00  17  2 81  1.41 1.69 2.98
  123.31  297 35.81     0.00    0  0.00  21  2 77  1.41 1.69 2.98
  289.61   57 16.09     0.00    0  0.00  14  1 84  1.38 1.68 2.97
  345.97  123 41.44     0.00    0  0.00  14  1 85  1.38 1.68 2.97
   36.43 1054 37.51     0.00    0  0.00  23  5 71  1.38 1.68 2.97
  400.34   81 31.80     0.00    0  0.00  13  1 85  1.38 1.68 2.97
   76.51  243 18.17     0.00    0  0.00  14  1 84  1.38 1.68 2.97
  455.11   72 31.92     0.00    0  0.00  13  1 85  1.35 1.67 2.96
  159.38  210 32.68     0.00    0  0.00  15  2 84  1.35 1.67 2.96
  254.03   65 16.10     0.00    0  0.00  14  1 85  1.35 1.67 2.96
  405.28   81 31.95     0.00    0  0.00  14  2 84  1.35 1.67 2.96
  268.93  124 32.60     0.00    0  0.00  13  1 86  1.35 1.67 2.96
  256.25  160 39.99     0.00    0  0.00  13  2 85  1.32 1.66 2.95
  266.44  122 31.71     0.00    0  0.00  13  2 85  1.32 1.66 2.95
  202.68   82 16.14     0.00    0  0.00  14  1 85  1.32 1.66 2.95
  264.29  124 31.91     0.00    0  0.00  13  1 86  1.32 1.66 2.95
  248.61  132 31.98     0.00    0  0.00  14  1 85  1.32 1.66 2.95
              disk0               disk4       cpu    load average
    KB/t  tps  MB/s     KB/t  tps  MB/s  us sy id   1m   5m   15m
  258.17  126 31.81     0.00    0  0.00  14  1 85  1.29 1.65 2.94
  116.03  144 16.30     0.00    0  0.00  13  2 85  1.29 1.65 2.94
  238.40  130 30.19     0.00    0  0.00  14  1 85  1.29 1.65 2.94
  222.60  198 43.04     0.00    0  0.00  13  2 84  1.29 1.65 2.94
  265.15  124 32.23     0.00    0  0.00  14  1 85  1.29 1.65 2.94
  455.56   36 15.90     0.00    0  0.00  13  1 85  1.27 1.64 2.93
  401.07   81 31.82     0.00    0  0.00  14  1 85  1.27 1.64 2.93
  316.58  104 32.04     0.00    0  0.00  14  1 85  1.27 1.64 2.93
  108.88  164 17.39     0.00    0  0.00  14  2 84  1.27 1.64 2.93
  143.84  229 32.22     0.00    0  0.00  13  1 86  1.27 1.64 2.93
  145.40  224 31.84     0.00    0  0.00  14  2 85  1.25 1.63 2.91
  257.40   83 20.82     0.00    0  0.00  13  2 85  1.25 1.63 2.91
  306.44  133 39.74     0.00    0  0.00  14  1 85  1.25 1.63 2.91
  268.39  122 32.01     0.00    0  0.00  14  1 85  1.25 1.63 2.91
  334.41   97 31.77     0.00    0  0.00  14  1 85  1.25 1.63 2.91
  322.82   51 15.96     0.00    0  0.00  13  1 85  1.23 1.62 2.90
  257.62  128 32.10     0.00    0  0.00  13  1 86  1.23 1.62 2.90
  327.76   99 31.72     0.00    0  0.00  14  1 85  1.23 1.62 2.90
   94.55  374 34.56     0.00    0  0.00  19  3 79  1.23 1.62 2.90
  257.44   64 15.99     0.00    0  0.00  13  2 84  1.23 1.62 2.90
              disk0               disk4       cpu    load average
    KB/t  tps  MB/s     KB/t  tps  MB/s  us sy id   1m   5m   15m
  293.04  134 38.36     0.00    0  0.00  13  1 85  1.21 1.61 2.89
  103.32  329 33.21     0.00    0  0.00  14  2 83  1.21 1.61 2.89
  338.14   97 31.95     0.00    0  0.00  14  1 85  1.21 1.61 2.89
  348.94   47 16.01     0.00    0  0.00  14  1 85  1.21 1.61 2.89
  286.83  115 32.27     0.00    0  0.00  13  1 86  1.21 1.61 2.89
  341.33   95 31.83     0.00    0  0.00  14  1 85  1.19 1.60 2.88
  296.32  110 31.90     0.00    0  0.00  13  1 85  1.19 1.60 2.88
  257.94   64 16.07     0.00    0  0.00  13  1 85  1.19 1.60 2.88
  269.43   81 21.26     0.00    0  0.00  13  1 86  1.19 1.60 2.88
  212.15  208 43.11     0.00    0  0.00  13  2 85  1.19 1.60 2.88
  234.09  139 31.68     0.00    0  0.00  13  2 85  1.18 1.58 2.87
  151.71  217 32.13     0.00    0  0.00  14  1 85  1.18 1.58 2.87
  230.90  142 31.94     0.00    0  0.00  13  1 86  1.18 1.58 2.87
  196.93   86 16.45     0.00    0  0.00  14  1 85  1.18 1.58 2.87
  227.78  144 31.99     0.00    0  0.00  13  1 86  1.18 1.58 2.87
   90.23  404 35.60     0.00    0  0.00  18  2 80  1.16 1.58 2.86
  147.68  112 16.14     0.00    0  0.00  13  2 85  1.16 1.58 2.86
  195.21  251 47.86     0.00    0  0.00  14  1 85  1.16 1.58 2.86
  120.54  283 33.30     0.00    0  0.00  14  2 84  1.16 1.58 2.86
  186.64   88 16.00     0.00    0  0.00  14  1 85  1.16 1.58 2.86
              disk0               disk4       cpu    load average
    KB/t  tps  MB/s     KB/t  tps  MB/s  us sy id   1m   5m   15m
  197.47  166 31.95     0.00    0  0.00  14  1 85  1.15 1.57 2.85
  196.36  166 31.84     0.00    0  0.00  13  1 85  1.15 1.57 2.85
  169.48   97 16.05     0.00    0  0.00  13  1 86  1.15 1.57 2.85
  183.46  179 32.01     0.00    0  0.00  13  1 85  1.15 1.57 2.85
  194.20  168 31.81     0.00    0  0.00  14  1 85  1.15 1.57 2.85
  197.49  167 32.18     0.00    0  0.00  13  1 86  1.22 1.57 2.84
  222.94  146 31.70     0.00    0  0.00  13  1 85  1.22 1.57 2.84
  229.17  142 31.73     0.00    0  0.00  13  1 85  1.22 1.57 2.84
  232.60  140 31.78     0.00    0  0.00  13  1 86  1.22 1.57 2.84
  116.17  144 16.32     0.00    0  0.00  14  1 85  1.22 1.57 2.84
  215.89  151 31.91     0.00    0  0.00  13  1 86  1.20 1.56 2.83
  107.15  315 32.95     0.00    0  0.00  15  2 84  1.20 1.56 2.83
  211.85  154 31.77     0.00    0  0.00  13  2 85  1.20 1.56 2.83
  211.71   69 14.19     0.00    0  0.00  13  1 85  1.20 1.56 2.83
  224.81  196 43.10     0.00    0  0.00  13  1 86  1.20 1.56 2.83
  221.46  147 31.87     0.00    0  0.00  13  1 85  1.18 1.55 2.82
   78.89  561 43.19     0.00    0  0.00  15  2 83  1.18 1.55 2.82
   33.07  666 21.52     0.00    0  0.00  16  3 81  1.18 1.55 2.82
  123.07  265 31.81     0.00    0  0.00  13  1 85  1.18 1.55 2.82
  124.82  263 32.04     0.00    0  0.00  13  1 85  1.18 1.55 2.82
              disk0               disk4       cpu    load average
    KB/t  tps  MB/s     KB/t  tps  MB/s  us sy id   1m   5m   15m
  124.18  132 16.00     0.00    0  0.00  13  1 85  1.17 1.54 2.81
  106.46  309 32.18     0.00    0  0.00  14  2 84  1.17 1.54 2.81
  241.52  136 32.08     0.00    0  0.00  13  1 86  1.17 1.54 2.81
  391.14   83 31.88     0.00    0  0.00  14  1 85  1.17 1.54 2.81
  381.44   85 31.83     0.00    0  0.00  13  1 85  1.17 1.54 2.81
  303.78  109 32.22     0.00    0  0.00  13  1 85  1.15 1.53 2.80
  390.76   42 15.91     0.00    0  0.00  13  1 86  1.15 1.53 2.80
  189.74  174 32.18     0.00    0  0.00  13  1 86  1.15 1.53 2.80
  191.66  178 33.28     0.00    0  0.00  14  3 84  1.15 1.53 2.80
  107.83  165 17.37     0.00    0  0.00  14  2 85  1.15 1.53 2.80
  367.64  100 35.82     0.00    0  0.00  13  2 85  1.14 1.52 2.79
  396.72   83 32.09     0.00    0  0.00  14  2 84  1.14 1.52 2.79
  149.82  236 34.56     0.00    0  0.00  18  3 79  1.14 1.52 2.79
   45.63 1095 48.77     0.00    0  0.00  18  3 79  1.14 1.52 2.79
  357.48   46 16.04     0.00    0  0.00  13  2 85  1.14 1.52 2.79
  475.07   68 31.74     0.00    0  0.00  14  1 85  1.13 1.52 2.78
  402.70   46 17.93     0.00    0  0.00  13  2 85  1.13 1.52 2.78
  317.59  140 43.42     0.00    0  0.00  13  1 85  1.13 1.52 2.78
  282.43  116 32.09     0.00    0  0.00  14  2 85  1.13 1.52 2.78
  348.94   93 31.82     0.00    0  0.00  14  1 85  1.13 1.52 2.78
              disk0               disk4       cpu    load average
    KB/t  tps  MB/s     KB/t  tps  MB/s  us sy id   1m   5m   15m
  372.73   44 16.00     0.00    0  0.00  13  1 86  1.12 1.51 2.77
  122.66  277 33.15     0.00    0  0.00  15  2 84  1.12 1.51 2.77
  360.44   90 31.81     0.00    0  0.00  14  1 85  1.12 1.51 2.77
  381.02   85 31.71     0.00    0  0.00  14  1 86  1.12 1.51 2.77
  161.92  105 16.67     0.00    0  0.00  13  2 84  1.12 1.51 2.77
  311.77  137 41.66     0.00    0  0.00  13  2 85  1.11 1.50 2.75
  360.09   90 31.79     0.00    0  0.00  13  1 85  1.11 1.50 2.75
  325.07  100 31.79     0.00    0  0.00  14  1 85  1.11 1.50 2.75
  348.60   47 15.85     0.00    0  0.00  14  1 85  1.11 1.50 2.75
  352.34   92 31.82     0.00    0  0.00  14  1 85  1.11 1.50 2.75
  352.34   93 31.94     0.00    0  0.00  13  1 85  1.10 1.49 2.74
  209.77  156 32.04     0.00    0  0.00  14  1 85  1.10 1.49 2.74
  299.35   55 16.01     0.00    0  0.00  13  2 85  1.10 1.49 2.74
  190.78  173 32.17     0.00    0  0.00  14  2 85  1.10 1.49 2.74
  187.93  216 39.69     0.00    0  0.00  13  1 85  1.10 1.49 2.74
  197.45  165 31.73     0.00    0  0.00  14  1 85  1.25 1.52 2.75
   62.73  319 19.51     0.00    0  0.00  17  1 81  1.25 1.52 2.75
  175.27  186 31.91     0.00    0  0.00  14  1 85  1.25 1.52 2.75
  125.44  270 33.03     0.00    0  0.00  14  2 85  1.25 1.52 2.75
  166.48  196 31.95     0.00    0  0.00  14  2 85  1.25 1.52 2.75
              disk0               disk4       cpu    load average
    KB/t  tps  MB/s     KB/t  tps  MB/s  us sy id   1m   5m   15m
  191.16   85 15.91     0.00    0  0.00  13  2 85  1.23 1.51 2.74
  186.46  113 20.59     0.00    0  0.00  14  1 85  1.23 1.51 2.74
  313.95  120 36.79     0.00    0  0.00  13  1 85  1.23 1.51 2.74
  369.48   89 31.98     0.00    0  0.00  14  2 84  1.23 1.51 2.74
  431.26   75 31.74     0.00    0  0.00  13  1 86  1.23 1.51 2.74
  217.87  142 30.13     0.00    0  0.00  14  2 85  1.21 1.50 2.73
  217.83  150 31.81     0.00    0  0.00  14  1 85  1.21 1.50 2.73
  245.01  133 31.78     0.00    0  0.00  13  1 86  1.21 1.50 2.73
  241.53  136 32.01     0.00    0  0.00  14  1 85  1.21 1.50 2.73
  199.37   83 16.12     0.00    0  0.00  13  1 86  1.21 1.50 2.73
  254.02  129 31.96     0.00    0  0.00  14  1 85  1.60 1.57 2.74
  104.69  324 33.12     0.00    0  0.00  14  2 84  1.60 1.57 2.74
  232.94  140 31.91     0.00    0  0.00  13  2 85  1.60 1.57 2.74
  265.31   55 14.21     0.00    0  0.00  14  1 85  1.60 1.57 2.74
  411.77   88 35.21     0.00    0  0.00  13  1 85  1.60 1.57 2.74
  415.49   79 32.04     0.00    0  0.00  14  1 85  1.55 1.56 2.73
  304.00   83 24.75     0.00    0  0.00  14  1 85  1.55 1.56 2.73
  475.19   69 31.86     0.00    0  0.00  13  1 85  1.55 1.56 2.73
  121.48  276 32.77     0.00    0  0.00  13  1 85  1.55 1.56 2.73
  431.89   38 15.95     0.00    0  0.00  14  1 85  1.55 1.56 2.73
              disk0               disk4       cpu    load average
    KB/t  tps  MB/s     KB/t  tps  MB/s  us sy id   1m   5m   15m
  401.80   91 35.64     0.00    0  0.00  13  2 85  1.50 1.55 2.72
  217.09  191 40.42     0.00    0  0.00  14  2 85  1.50 1.55 2.72
  326.62   96 30.61     0.00    0  0.00  14  2 85  1.50 1.55 2.72
  471.58   38 17.42     0.00    0  0.00  14  1 85  1.50 1.55 2.72
  437.81   75 31.94     0.00    0  0.00  14  1 85  1.50 1.55 2.72
  279.86  117 31.95     0.00    0  0.00  14  1 85  1.46 1.54 2.71
  481.88   34 15.98     0.00    0  0.00  13  1 86  1.46 1.54 2.71
  420.62   77 31.73     0.00    0  0.00  14  2 85  1.46 1.54 2.71
  130.27  188 23.96     0.00    0  0.00  14  3 83  1.46 1.54 2.71
  150.93  293 43.21     0.00    0  0.00  13  2 86  1.46 1.54 2.71
  159.13  206 31.99     0.00    0  0.00  13  1 85  1.43 1.53 2.70
   50.36  424 20.84     0.00    0  0.00  15  2 84  1.43 1.53 2.70
   32.58 1204 38.29     0.00    0  0.00  16  4 80  1.43 1.53 2.70
  167.49  259 42.35     0.00    0  0.00  15  2 83  1.43 1.53 2.70
  162.67  201 31.86     0.00    0  0.00  14  2 83  1.43 1.53 2.70
  168.95   97 15.96     0.00    0  0.00  14  2 84  1.39 1.52 2.69
  147.06  190 27.35     0.00    0  0.00  13  2 84  1.39 1.52 2.69
  231.02  163 36.72     0.00    0  0.00  14  1 85  1.39 1.52 2.69
  375.64   87 32.01     0.00    0  0.00  14  1 85  1.39 1.52 2.69
  455.78   36 16.01     0.00    0  0.00  14  1 85  1.39 1.52 2.69
              disk0               disk4       cpu    load average
    KB/t  tps  MB/s     KB/t  tps  MB/s  us sy id   1m   5m   15m
  269.84  138 36.37     0.00    0  0.00  14  2 84  1.36 1.52 2.68
   46.85  800 36.61     0.00    0  0.00  17  2 80  1.36 1.52 2.68
  409.60   80 31.97     0.00    0  0.00  14  1 85  1.36 1.52 2.68
  414.78   79 31.84     0.00    0  0.00  13  1 86  1.36 1.52 2.68
  374.00   44 15.98     0.00    0  0.00  14  1 85  1.36 1.52 2.68
  390.29   83 31.73     0.00    0  0.00  13  1 86  1.33 1.51 2.67
  289.13  117 32.96     0.00    0  0.00  14  2 84  1.33 1.51 2.67
  373.09   44 16.00     0.00    0  0.00  13  1 85  1.33 1.51 2.67
  312.67  106 32.41     0.00    0  0.00  13  1 86  1.33 1.51 2.67
  316.24  102 31.37     0.00    0  0.00  13  1 86  1.33 1.51 2.67
  318.21  103 31.90     0.00    0  0.00  14  1 85  1.30 1.50 2.66
  189.60  174 32.20     0.00    0  0.00  14  1 85  1.30 1.50 2.66
  269.51  122 31.99     0.00    0  0.00  14  1 85  1.30 1.50 2.66
  265.61   61 15.95     0.00    0  0.00  14  1 85  1.30 1.50 2.66
  201.15  163 32.04     0.00    0  0.00  14  2 84  1.30 1.50 2.66
  282.48  115 31.75     0.00    0  0.00  13  1 85  1.28 1.49 2.65
  327.68   50 15.92     0.00    0  0.00  13  2 84  1.28 1.49 2.65
  301.23  142 41.83     0.00    0  0.00  13  1 85  1.28 1.49 2.65
   72.72  253 17.95     0.00    0  0.00  13  2 84  1.28 1.49 2.65
  420.21   78 31.96     0.00    0  0.00  14  1 85  1.28 1.49 2.65
              disk0               disk4       cpu    load average
    KB/t  tps  MB/s     KB/t  tps  MB/s  us sy id   1m   5m   15m
  412.00   60 23.97     0.00    0  0.00  14  1 85  1.26 1.48 2.64
    6.32 7158 44.16     0.00    0  0.00  11  2 87  1.26 1.48 2.64
    5.43 3044 16.13     0.00    0  0.00  13  1 86  1.26 1.48 2.64
    5.85 5651 32.30     0.00    0  0.00  12  2 86  1.26 1.48 2.64
    5.97 2760 16.09     0.00    0  0.00  12  1 86  1.26 1.48 2.64
    5.42 6128 32.42     0.00    0  0.00  12  1 87  1.24 1.47 2.63
    5.59 2966 16.18     0.00    0  0.00  13  2 86  1.24 1.47 2.63
    5.60 5864 32.08     0.00    0  0.00  12  1 87  1.24 1.47 2.63
    5.48 3707 19.84     0.00    0  0.00  12  1 87  1.24 1.47 2.63
    5.30 5473 28.35     0.00    0  0.00  12  2 87  1.24 1.47 2.63
   31.73 1035 32.07     0.00    0  0.00  13  1 86  1.22 1.47 2.62
  106.49  321 33.43     0.00    0  0.00  15  2 83  1.22 1.47 2.62
  420.21   78 31.96     0.00    0  0.00  13  1 86  1.22 1.47 2.62
  410.40   40 15.90     0.00    0  0.00  14  1 85  1.22 1.47 2.62
  431.16   75 31.78     0.00    0  0.00  14  1 85  1.22 1.47 2.62
  415.14   79 32.01     0.00    0  0.00  14  1 85  1.20 1.46 2.61
  436.91   75 31.91     0.00    0  0.00  13  1 86  1.20 1.46 2.61
  382.05   43 15.90     0.00    0  0.00  13  3 84  1.20 1.46 2.61
  418.70   74 30.07     0.00    0  0.00  14  1 85  1.20 1.46 2.61
   24.52 1813 43.40     0.00    0  0.00  13  1 86  1.20 1.46 2.61
              disk0               disk4       cpu    load average
    KB/t  tps  MB/s     KB/t  tps  MB/s  us sy id   1m   5m   15m
  143.27  228 31.89     0.00    0  0.00  14  1 85  1.18 1.45 2.60
   92.62  181 16.37     0.00    0  0.00  14  1 85  1.18 1.45 2.60
  139.54  235 32.01     0.00    0  0.00  13  1 86  1.18 1.45 2.60
  143.14  228 31.91     0.00    0  0.00  13  1 85  1.18 1.45 2.60
  138.88  118 15.94     0.00    0  0.00  14  1 85  1.18 1.45 2.60
    5.29 6281 32.47     0.00    0  0.00  12  1 87  1.17 1.44 2.59
    5.48 4737 25.33     0.00    0  0.00  12  2 86  1.17 1.44 2.59
    7.78 3292 25.00     0.00    0  0.00  13  2 85  1.17 1.44 2.59
    5.38 5997 31.50     0.00    0  0.00  11  2 87  1.17 1.44 2.59
    4.71 6959 32.04     0.00    0  0.00  11  2 87  1.17 1.44 2.59
    5.51 2979 16.02     0.00    0  0.00  13  1 86  1.15 1.43 2.58
    5.49 5975 32.03     0.00    0  0.00  11  1 87  1.15 1.43 2.58
    8.30 4013 32.54     0.00    0  0.00  16  3 81  1.15 1.43 2.58
    5.54 5936 32.11     0.00    0  0.00  11  2 87  1.15 1.43 2.58
    5.44 3043 16.18     0.00    0  0.00  12  2 86  1.15 1.43 2.58
    5.42 6080 32.18     0.00    0  0.00  12  1 87  1.14 1.43 2.57
    5.14 3197 16.04     0.00    0  0.00  12  3 85  1.14 1.43 2.57
   35.57  930 32.29     0.00    0  0.00  14  1 85  1.14 1.43 2.57
  425.66   76 31.73     0.00    0  0.00  13  1 85  1.14 1.43 2.57
  353.89   93 32.04     0.00    0  0.00  14  1 85  1.14 1.43 2.57
              disk0               disk4       cpu    load average
    KB/t  tps  MB/s     KB/t  tps  MB/s  us sy id   1m   5m   15m
  160.31  208 32.60     0.00    0  0.00  14  1 85  1.37 1.47 2.58
  246.12   68 16.33     0.00    0  0.00  14  2 84  1.37 1.47 2.58
  405.04   81 31.84     0.00    0  0.00  13  1 86  1.37 1.47 2.58
   84.10  849 69.70     0.00    0  0.00  18  2 80  1.37 1.47 2.58
  390.67   42 15.97     0.00    0  0.00  13  2 85  1.37 1.47 2.58
  242.60  140 33.08     0.00    0  0.00  13  1 85  1.26 1.44 2.57
  185.06  261 47.09     0.00    0  0.00  13  1 86  1.26 1.44 2.57
   40.59  455 18.05     0.00    0  0.00  14  2 85  1.26 1.44 2.57
  140.84  240 33.01     0.00    0  0.00  13  1 86  1.26 1.44 2.57
  196.26  166 31.79     0.00    0  0.00  14  1 85  1.26 1.44 2.57
   83.43  202 16.47     0.00    0  0.00  14  1 85  1.32 1.45 2.56
  186.43  174 31.74     0.00    0  0.00  14  1 85  1.32 1.45 2.56
  167.52  197 32.23     0.00    0  0.00  13  2 85  1.32 1.45 2.56
  103.72  159 16.08     0.00    0  0.00  14  1 84  1.32 1.45 2.56
  106.92  433 45.23     0.00    0  0.00  14  2 83  1.32 1.45 2.56
  183.37  179 31.98     0.00    0  0.00  14  1 85  1.29 1.45 2.55
  183.17  179 31.99     0.00    0  0.00  14  1 85  1.29 1.45 2.55
   74.23  245 17.77     0.00    0  0.00  14  2 84  1.29 1.45 2.55
  158.29  207 32.07     0.00    0  0.00  15  1 83  1.29 1.45 2.55
  170.05  192 31.93     0.00    0  0.00  13  1 85  1.29 1.45 2.55
              disk0               disk4       cpu    load average
    KB/t  tps  MB/s     KB/t  tps  MB/s  us sy id   1m   5m   15m
  159.42  102 15.94     0.00    0  0.00  13  2 85  1.27 1.44 2.55
  166.59  166 26.96     0.00    0  0.00  14  1 85  1.27 1.44 2.55
  290.00  128 36.18     0.00    0  0.00  14  1 85  1.27 1.44 2.55
  455.11   72 31.94     0.00    0  0.00  14  1 85  1.27 1.44 2.55
  275.26   91 24.59     0.00    0  0.00  18  1 81  1.27 1.44 2.55
  344.46   95 31.95     0.00    0  0.00  13  1 86  1.25 1.43 2.54
  368.81   88 31.82     0.00    0  0.00  14  1 85  1.25 1.43 2.54
  404.74   81 31.95     0.00    0  0.00  14  1 85  1.25 1.43 2.54
  259.75  127 32.20     0.00    0  0.00  13  2 85  1.25 1.43 2.54
  420.10   39 15.86     0.00    0  0.00  13  1 85  1.25 1.43 2.54
  115.78  293 33.11     0.00    0  0.00  14  2 83  1.23 1.42 2.53
  395.08   83 32.01     0.00    0  0.00  14  2 85  1.23 1.42 2.53
  344.86   37 12.37     0.00    0  0.00  13  1 86  1.23 1.42 2.53
  346.35  113 38.20     0.00    0  0.00  13  1 85  1.23 1.42 2.53
  468.11   70 31.85     0.00    0  0.00  13  1 86  1.23 1.42 2.53
  461.75   71 31.94     0.00    0  0.00  14  1 85  1.21 1.42 2.52
  449.10   72 31.74     0.00    0  0.00  14  1 85  1.21 1.42 2.52
  304.55  108 32.26     0.00    0  0.00  14  1 85  1.21 1.42 2.52
  420.72   39 15.93     0.00    0  0.00  13  1 85  1.21 1.42 2.52
  442.97   73 31.71     0.00    0  0.00  14  2 85  1.21 1.42 2.52
              disk0               disk4       cpu    load average
    KB/t  tps  MB/s     KB/t  tps  MB/s  us sy id   1m   5m   15m
  236.74  139 32.23     0.00    0  0.00  13  3 85  1.19 1.41 2.51
  266.49   45 11.68     0.00    0  0.00  14  1 85  1.19 1.41 2.51
  208.15  213 43.22     0.00    0  0.00  13  1 86  1.19 1.41 2.51
   71.95  504 35.43     0.00    0  0.00  16  3 81  1.19 1.41 2.51
  165.59  294 47.50     0.00    0  0.00  25  2 73  1.19 1.41 2.51
  188.00  242 44.36     0.00    0  0.00  24  3 73  1.19 1.41 2.51
  215.07  146 30.76     0.00    0  0.00  24  3 73  1.26 1.42 2.50
  122.03  330 39.37     0.00    0  0.00  24  3 73  1.26 1.42 2.50
  227.67  143 31.76     0.00    0  0.00  14  1 85  1.26 1.42 2.50
  231.07  134 30.20     0.00    0  0.00  13  1 86  1.26 1.42 2.50
  142.96  196 27.35     0.00    0  0.00  13  1 85  1.26 1.42 2.50
  136.83  241 32.14     0.00    0  0.00  14  2 85  1.24 1.41 2.50
  118.08  284 32.72     0.00    0  0.00  14  1 85  1.24 1.41 2.50
  151.80  215 31.85     0.00    0  0.00  13  1 86  1.24 1.41 2.50
   38.20  543 20.27     0.00    0  0.00  14  2 84  1.24 1.41 2.50
  155.34  210 31.81     0.00    0  0.00  13  1 85  1.24 1.41 2.50
  161.56  202 31.83     0.00    0  0.00  14  1 85  1.22 1.40 2.49
  134.58  123 16.13     0.00    0  0.00  13  2 84  1.22 1.40 2.49
  162.48  183 29.08     0.00    0  0.00  14  1 85  1.22 1.40 2.49
  103.72  467 47.28     0.00    0  0.00  15  3 82  1.22 1.40 2.49
              disk0               disk4       cpu    load average
    KB/t  tps  MB/s     KB/t  tps  MB/s  us sy id   1m   5m   15m
  109.01  426 45.38     0.00    0  0.00  15  2 83  1.22 1.40 2.49
  341.33   48 15.87     0.00    0  0.00  14  1 85  1.36 1.43 2.49
  331.80   99 31.94     0.00    0  0.00  14  1 85  1.36 1.43 2.49
  360.44   91 32.02     0.00    0  0.00  13  1 86  1.36 1.43 2.49
  334.78   97 31.87     0.00    0  0.00  13  1 85  1.36 1.43 2.49
  337.63   49 16.15     0.00    0  0.00  14  1 85  1.36 1.43 2.49
  197.44  171 32.95     0.00    0  0.00  13  2 84  1.33 1.42 2.48
  273.62   78 20.93     0.00    0  0.00  13  1 85  1.33 1.42 2.48
    6.35 7339 45.53     0.00    0  0.00  16  4 80  1.33 1.42 2.48
    5.79 2842 16.07     0.00    0  0.00  18  4 78  1.33 1.42 2.48
    5.41 6187 32.71     0.00    0  0.00  12  2 86  1.33 1.42 2.48
    5.63 3804 20.92     0.00    0  0.00  14  2 84  1.46 1.45 2.48
    5.28 5434 28.01     0.00    0  0.00  13  2 86  1.46 1.45 2.48
    5.53 4441 24.00     0.00    0  0.00  13  2 85  1.46 1.45 2.48
    5.73 4469 25.00     0.00    0  0.00  13  2 85  1.46 1.45 2.48
    5.72 5705 31.86     0.00    0  0.00  13  2 86  1.46 1.45 2.48
    5.34 3911 20.39     0.00    0  0.00  18  3 79  1.43 1.44 2.48
   26.40 1367 35.23     0.00    0  0.00  14  2 83  1.43 1.44 2.48
  331.60   99 31.95     0.00    0  0.00  14  2 84  1.43 1.44 2.48
  341.42   96 31.90     0.00    0  0.00  14  1 85  1.43 1.44 2.48
              disk0               disk4       cpu    load average
    KB/t  tps  MB/s     KB/t  tps  MB/s  us sy id   1m   5m   15m
  288.98  114 32.05     0.00    0  0.00  14  2 84  1.43 1.44 2.48
  328.16   50 15.98     0.00    0  0.00  14  1 84  1.39 1.43 2.47
  188.95  176 32.54     0.00    0  0.00  15  2 84  1.39 1.43 2.47
  310.87  106 32.14     0.00    0  0.00  14  1 85  1.39 1.43 2.47
  325.23  100 31.91     0.00    0  0.00  13  2 84  1.39 1.43 2.47
  276.30   53 14.27     0.00    0  0.00  14  3 83  1.39 1.43 2.47
  183.34  242 43.31     0.00    0  0.00  15  2 83  1.36 1.43 2.46
   51.22  704 35.23     0.00    0  0.00  14  2 84  1.36 1.43 2.46
  193.91  169 32.05     0.00    0  0.00  13  1 85  1.36 1.43 2.46
  153.63  107 16.12     0.00    0  0.00  14  1 85  1.36 1.43 2.46
   89.32  384 33.45     0.00    0  0.00  15  2 84  1.36 1.43 2.46
  214.25  152 31.85     0.00    0  0.00  13  1 85  1.33 1.42 2.45
  192.28  171 32.05     0.00    0  0.00  14  1 85  1.33 1.42 2.45
  167.56   99 16.18     0.00    0  0.00  13  2 85  1.33 1.42 2.45
  128.79  276 34.78     0.00    0  0.00  14  4 82  1.33 1.42 2.45
  321.25  102 31.94     0.00    0  0.00  13  1 85  1.33 1.42 2.45
   56.24  741 40.71     0.00    0  0.00  16  4 81  1.30 1.41 2.44
   29.66 2832 82.05     0.00    0  0.00  27 12 60  1.30 1.41 2.44
   23.07 1306 29.42     0.00    0  0.00  18  5 76  1.30 1.41 2.44
   43.90  982 42.11     0.00    0  0.00  15  3 82  1.30 1.41 2.44
              disk0               disk4       cpu    load average
    KB/t  tps  MB/s     KB/t  tps  MB/s  us sy id   1m   5m   15m
   82.44  456 36.73     0.00    0  0.00  14  2 84  1.30 1.41 2.44
  127.46  139 17.34     0.00    0  0.00  16  3 81  1.28 1.40 2.43
  210.47  153 31.52     0.00    0  0.00  14  2 85  1.28 1.40 2.43
  370.47  128 46.17     0.00    0  0.00  14  2 84  1.28 1.40 2.43
  281.33   60 16.44     0.00    0  0.00  14  1 85  1.28 1.40 2.43
  397.78   83 32.16     0.00    0  0.00  14  2 85  1.28 1.40 2.43
  164.23  204 32.74     0.00    0  0.00  14  1 85  1.26 1.40 2.42
   57.49  338 18.95     0.00    0  0.00  14  3 83  1.26 1.40 2.42
  191.93  217 40.61     0.00    0  0.00  14  1 85  1.26 1.40 2.42
   94.05  366 33.59     0.00    0  0.00  15  2 83  1.26 1.40 2.42
  154.56  213 32.13     0.00    0  0.00  14  1 85  1.26 1.40 2.42
  150.25  110 16.11     0.00    0  0.00  14  2 83  1.24 1.39 2.41
  152.59  216 32.19     0.00    0  0.00  14  2 84  1.24 1.39 2.41
  170.56  193 32.19     0.00    0  0.00  14  1 85  1.24 1.39 2.41
  169.86   97 16.05     0.00    0  0.00  14  1 84  1.24 1.39 2.41
  162.27  202 32.00     0.00    0  0.00  13  2 85  1.24 1.39 2.41
  251.23  124 30.52     0.00    0  0.00  13  2 86  1.22 1.38 2.41
  141.93  307 42.53     0.00    0  0.00  15  3 82  1.22 1.38 2.41
  400.59   82 31.91     0.00    0  0.00  14  1 85  1.22 1.38 2.41
  307.93   54 16.15     0.00    0  0.00  14  1 85  1.22 1.38 2.41
              disk0               disk4       cpu    load average
    KB/t  tps  MB/s     KB/t  tps  MB/s  us sy id   1m   5m   15m
  109.30  313 33.40     0.00    0  0.00  15  2 83  1.22 1.38 2.41
  236.99  146 33.71     0.00    0  0.00  14  1 85  1.20 1.38 2.40
   93.98  389 35.66     0.00    0  0.00  15  3 82  1.20 1.38 2.40
  322.90   51 16.06     0.00    0  0.00  14  2 84  1.20 1.38 2.40
  431.20   70 29.34     0.00    0  0.00  13  1 85  1.20 1.38 2.40
  291.51  154 43.75     0.00    0  0.00  14  1 85  1.20 1.38 2.40
  265.32  123 32.00     0.00    0  0.00  13  1 85  1.26 1.39 2.39
  327.84   50 15.93     0.00    0  0.00  13  1 85  1.26 1.39 2.39
  187.27  179 32.80     0.00    0  0.00  16  2 82  1.26 1.39 2.39
  274.23  119 32.00     0.00    0  0.00  14  1 85  1.26 1.39 2.39
  153.14  217 32.51     0.00    0  0.00  14  2 85  1.26 1.39 2.39
  330.90   51 16.41     0.00    0  0.00  13  1 85  1.24 1.38 2.39
   93.66  591 54.08     0.00    0  0.00  13  3 84  1.24 1.38 2.39
  172.33  314 52.90     0.00    0  0.00  13  2 85  1.24 1.38 2.39
  185.03  216 39.06     0.00    0  0.00  14  1 85  1.24 1.38 2.39
  242.82   71 16.83     0.00    0  0.00  13  1 85  1.24 1.38 2.39
  290.21  114 32.22     0.00    0  0.00  14  1 85  1.22 1.37 2.38
  136.33  251 33.43     0.00    0  0.00  14  3 84  1.22 1.37 2.38
  372.68   87 31.84     0.00    0  0.00  14  1 85  1.22 1.37 2.38
  224.92   74 16.23     0.00    0  0.00  14  2 85  1.22 1.37 2.38
              disk0               disk4       cpu    load average
    KB/t  tps  MB/s     KB/t  tps  MB/s  us sy id   1m   5m   15m
  329.32  100 32.03     0.00    0  0.00  14  1 85  1.22 1.37 2.38
   94.45  564 51.99     0.00    0  0.00  15  2 83  1.20 1.37 2.37
   69.10 1496 100.96     0.00    0  0.00  18  3 80  1.20 1.37 2.37
  358.00   46 16.04     0.00    0  0.00  14  1 85  1.20 1.37 2.37
  123.89  378 45.71     0.00    0  0.00  15  3 82  1.20 1.37 2.37
  396.58   83 31.97     0.00    0  0.00  14  2 84  1.20 1.37 2.37
  235.72  143 32.98     0.00    0  0.00  15  2 84  1.19 1.36 2.36
  342.75   48 16.03     0.00    0  0.00  14  1 85  1.19 1.36 2.36
  195.90  208 39.80     0.00    0  0.00  13  2 85  1.19 1.36 2.36
   77.62  675 51.16     0.00    0  0.00  14  2 84  1.19 1.36 2.36
   77.84 1036 78.73     0.00    0  0.00  14  2 84  1.19 1.36 2.36
  475.30   69 31.86     0.00    0  0.00  14  1 85  1.17 1.36 2.35
  340.82   49 16.23     0.00    0  0.00  13  1 86  1.17 1.36 2.35
  482.88   68 32.02     0.00    0  0.00  13  1 85  1.17 1.36 2.35
  259.53  128 32.38     0.00    0  0.00  14  2 85  1.17 1.36 2.35
  476.41   69 32.01     0.00    0  0.00  13  1 85  1.17 1.36 2.35
   71.38  685 47.72     0.00    0  0.00  14  2 85  1.16 1.35 2.34
   54.16 2074 109.66     0.00    0  0.00  11  6 83  1.16 1.35 2.34
   30.56   78  2.32     0.00    0  0.00   6 12 82  1.16 1.35 2.34
   87.04   25  2.12     0.00    0  0.00   7 13 80  1.16 1.35 2.34
              disk0               disk4       cpu    load average
    KB/t  tps  MB/s     KB/t  tps  MB/s  us sy id   1m   5m   15m
   60.74  166  9.86     0.00    0  0.00   8 18 73  1.16 1.35 2.34
   85.84   50  4.18     0.00    0  0.00   8 17 75  1.23 1.36 2.34
   21.38   29  0.60     0.00    0  0.00   8 16 75  1.23 1.36 2.34
  247.76   67 16.16     0.00    0  0.00   8 17 75  1.23 1.36 2.34
    7.05   38  0.26     0.00    0  0.00   8 18 73  1.23 1.36 2.34
  161.89   53  8.36     0.00    0  0.00   8 17 75  1.23 1.36 2.34
  153.43   42  6.27     0.00    0  0.00   8 18 74  1.45 1.40 2.35
   11.74  200  2.30     0.00    0  0.00   9 17 74  1.45 1.40 2.35
   98.61  187 17.98     0.00    0  0.00   9 19 72  1.45 1.40 2.35
   69.13  140  9.47     0.00    0  0.00   7 16 77  1.45 1.40 2.35
   12.47  145  1.77     0.00    0  0.00   9 19 72  1.45 1.40 2.35
   15.31  926 13.84     0.00    0  0.00  10 21 69  1.41 1.40 2.34
   56.70  204 11.29     0.00    0  0.00  10 21 68  1.41 1.40 2.34
   69.23  137  9.24     0.00    0  0.00   8 17 74  1.41 1.40 2.34
   13.19  118  1.52     0.00    0  0.00   8 18 74  1.41 1.40 2.34
   13.74  116  1.56     0.00    0  0.00   8 18 74  1.41 1.40 2.34
   32.03  391 12.23     0.00    0  0.00   9 19 72  1.46 1.41 2.34
    7.82  366  2.80     0.00    0  0.00  14 19 67  1.46 1.41 2.34
   78.45  123  9.45     0.00    0  0.00   8 16 76  1.46 1.41 2.34
   90.53  204 18.00     0.00    0  0.00   8 19 73  1.46 1.41 2.34
              disk0               disk4       cpu    load average
    KB/t  tps  MB/s     KB/t  tps  MB/s  us sy id   1m   5m   15m
    9.10  668  5.93     0.00    0  0.00  11 23 66  1.46 1.41 2.34
   19.70 1364 26.24     0.00    0  0.00  17 24 59  1.50 1.42 2.34
   11.45   65  0.73     0.00    0  0.00   8 18 74  1.50 1.42 2.34
  122.87   71  8.49     0.00    0  0.00   8 19 74  1.50 1.42 2.34
   14.53  106  1.50     0.00    0  0.00   8 19 73  1.50 1.42 2.34
   55.59  187 10.13     0.00    0  0.00   8 18 74  1.50 1.42 2.34
   13.23  126  1.63     0.00    0  0.00   8 17 74  1.46 1.41 2.33
   12.06  141  1.66     0.00    0  0.00   8 17 75  1.46 1.41 2.33
   72.39  133  9.43     0.00    0  0.00   8 17 75  1.46 1.41 2.33
   12.58  151  1.86     0.00    0  0.00   8 17 75  1.46 1.41 2.33
   60.00  165  9.68     0.00    0  0.00   8 18 74  1.46 1.41 2.33
  114.27  156 17.44     0.00    0  0.00   8 17 75  1.42 1.40 2.32
   66.09  156 10.10     0.00    0  0.00   8 17 75  1.42 1.40 2.32
   13.70  119  1.60     0.00    0  0.00   8 17 75  1.42 1.40 2.32
   12.91   66  0.83     0.00    0  0.00   8 18 74  1.42 1.40 2.32
  132.62   64  8.28     0.00    0  0.00   8 19 73  1.42 1.40 2.32
   52.96  154  7.94     0.00    0  0.00   8 18 73  1.71 1.46 2.34
    9.31  350  3.19     0.00    0  0.00   8 18 74  1.71 1.46 2.34
   14.21  107  1.48     0.00    0  0.00   8 17 74  1.71 1.46 2.34
   66.15  149  9.62     0.00    0  0.00   8 18 74  1.71 1.46 2.34
              disk0               disk4       cpu    load average
    KB/t  tps  MB/s     KB/t  tps  MB/s  us sy id   1m   5m   15m
   14.14  112  1.54     0.00    0  0.00   8 18 74  1.71 1.46 2.34
   67.46  147  9.65     0.00    0  0.00   8 18 74  1.81 1.49 2.34
   12.77  165  2.06     0.00    0  0.00   9 17 74  1.81 1.49 2.34
  138.15  189 25.53     0.00    0  0.00   8 17 75  1.81 1.49 2.34
   13.37  117  1.52     0.00    0  0.00   8 17 75  1.81 1.49 2.34
   14.24  109  1.51     0.00    0  0.00   8 17 74  1.81 1.49 2.34
   98.11   91  8.68     0.00    0  0.00   7 17 75  2.07 1.54 2.36
   10.00   22  0.21     0.00    0  0.00   8 18 74  2.07 1.54 2.36
   76.86  124  9.34     0.00    0  0.00   8 18 74  2.07 1.54 2.36
   15.59 1135 17.28     0.00    0  0.00  12 23 66  2.07 1.54 2.36
   48.26  229 10.81     0.00    0  0.00   9 18 72  2.07 1.54 2.36
   11.46  134  1.49     0.00    0  0.00   8 19 74  2.06 1.55 2.35
   13.73  112  1.51     0.00    0  0.00  13 23 64  2.06 1.55 2.35
   64.17  160 10.06     0.00    0  0.00  17 19 64  2.06 1.55 2.35
   13.30  105  1.36     0.00    0  0.00  18 20 62  2.06 1.55 2.35
  145.12 1084 153.66     0.00    0  0.00  33 33 35  2.06 1.55 2.35
  198.87  316 61.39     0.00    0  0.00  38 25 38  2.86 1.73 2.41
   46.37 1606 72.74     0.00    0  0.00  31 22 47  2.86 1.73 2.41
   52.04 2504 127.24     0.00    0  0.00  15 22 62  2.86 1.73 2.41
   72.45  132  9.37     0.00    0  0.00  21 23 56  2.86 1.73 2.41
              disk0               disk4       cpu    load average
    KB/t  tps  MB/s     KB/t  tps  MB/s  us sy id   1m   5m   15m
   10.59  102  1.05     0.00    0  0.00  19 22 58  2.86 1.73 2.41
   11.91   87  1.01     0.00    0  0.00  24 28 48  2.95 1.76 2.42
   69.42  141  9.53     0.00    0  0.00  26 25 49  2.95 1.76 2.42
   13.81  124  1.67     0.00    0  0.00  20 21 60  2.95 1.76 2.42
   54.11 1268 67.03     0.00    0  0.00  20 24 56  2.95 1.76 2.42
   49.85 2243 109.23     0.00    0  0.00  24 37 39  2.95 1.76 2.42
   47.10 5435 249.96     0.00    0  0.00  11 26 63  2.95 1.78 2.42
   44.75 3228 141.05     0.00    0  0.00  19 38 44  2.95 1.78 2.42
   49.02  922 44.13     0.00    0  0.00  19 25 56  2.95 1.78 2.42
   50.00 16438 802.71     0.00    0  0.00   7 29 64  2.95 1.78 2.42
   53.62 10614 555.78     0.00    0  0.00  31 38 32  2.95 1.78 2.42
   54.73 12824 685.43     0.00    0  0.00  19 22 59  3.20 1.85 2.44
   54.50 14356 764.04     0.00    0  0.00  23 25 52  3.20 1.85 2.44
   51.48 13575 682.48     0.00    0  0.00  38 35 28  3.20 1.85 2.44
   53.02 4188 216.87     0.00    0  0.00  31 25 44  3.20 1.85 2.44
   53.02 6922 358.42     0.00    0  0.00  30 31 39  3.20 1.85 2.44
   52.83 4839 249.67     0.00    0  0.00  17 19 64  3.42 1.92 2.46
   50.92 7749 385.29     0.00    0  0.00  10 19 71  3.42 1.92 2.46
   52.57 10167 522.02     0.00    0  0.00  16 20 65  3.42 1.92 2.46
   51.25 6723 336.49     0.00    0  0.00  16 22 62  3.42 1.92 2.46
              disk0               disk4       cpu    load average
    KB/t  tps  MB/s     KB/t  tps  MB/s  us sy id   1m   5m   15m
   47.57 7069 328.39     0.00    0  0.00  27 50 22  3.42 1.92 2.46
   51.73 9183 463.86     0.00    0  0.00  10 26 64  4.03 2.07 2.51
   54.40 11553 613.68     0.00    0  0.00   8 16 75  4.03 2.07 2.51
   53.68 4857 254.60     0.00    0  0.00   5 13 82  4.03 2.07 2.51
   55.44 3537 191.51     0.00    0  0.00   5 14 80  4.03 2.07 2.51
   51.89 6119 310.04     0.00    0  0.00   5 13 83  4.03 2.07 2.51
   53.10 2713 140.67     0.00    0  0.00   5 16 79  3.86 2.07 2.51
