---------NEW-TRIAL----------
              disk0               disk4       cpu    load average
    KB/t  tps  MB/s     KB/t  tps  MB/s  us sy id   1m   5m   15m
   14.40  227  3.20     8.60    0  0.00  14  5 81  2.39 3.50 5.07
  124.52  514 62.45     0.00    0  0.00  14  4 82  2.39 3.50 5.07
   90.27  651 57.37     0.00    0  0.00  20  8 72  2.39 3.50 5.07
    6.03  991  5.83     0.00    0  0.00  16  6 78  2.39 3.50 5.07
   15.54  911 13.82     0.00    0  0.00  21 11 68  2.39 3.50 5.07
   42.00    4  0.16     0.00    0  0.00  20 12 68  2.52 3.51 5.06
  114.29  229 25.52     0.00    0  0.00  23 14 63  2.52 3.51 5.06
  358.53   95 33.18     0.00    0  0.00  23 14 63  2.52 3.51 5.06
   96.06  573 53.76     0.00    0  0.00  26 16 59  2.52 3.51 5.06
   63.41  215 13.33     0.00    0  0.00  23 13 64  2.52 3.51 5.06
   80.89 1061 83.82     0.00    0  0.00  30 14 56  2.56 3.50 5.05
   42.74 3333 139.08     0.00    0  0.00  22  7 71  2.56 3.50 5.05
  256.36  142 35.64     0.00    0  0.00  19  4 77  2.56 3.50 5.05
   64.54 1592 100.36     0.00    0  0.00  19  6 75  2.56 3.50 5.05
   97.81  660 63.08     0.00    0  0.00  23  6 71  2.56 3.50 5.05
  171.88  164 27.58     0.00    0  0.00  18  4 78  2.43 3.46 5.02
   89.83  460 40.34     0.00    0  0.00  27  5 68  2.43 3.46 5.02
   96.87  607 57.44     0.00    0  0.00  27  6 67  2.43 3.46 5.02
  449.10   73 31.88     0.00    0  0.00  17  3 80  2.43 3.46 5.02
  329.90   63 20.28     0.00    0  0.00  14  2 85  2.43 3.46 5.02
              disk0               disk4       cpu    load average
    KB/t  tps  MB/s     KB/t  tps  MB/s  us sy id   1m   5m   15m
  291.56  126 35.80     0.00    0  0.00  16  3 82  2.32 3.42 5.00
  143.37  242 33.83     0.00    0  0.00  20  5 76  2.32 3.42 5.00
  111.62  378 41.25     0.00    0  0.00  15  4 81  2.32 3.42 5.00
  437.23   75 31.86     0.00    0  0.00  14  1 85  2.32 3.42 5.00
  318.77   52 16.10     0.00    0  0.00  14  2 85  2.32 3.42 5.00
  368.23   71 25.47     0.00    0  0.00  14  2 84  2.21 3.38 4.98
  242.05  157 37.19     0.00    0  0.00  15  2 82  2.21 3.38 4.98
   85.87 1210 101.48     0.00    0  0.00  27  6 66  2.21 3.38 4.98
  224.70   74 16.20     0.00    0  0.00  16  3 82  2.21 3.38 4.98
  363.40   86 30.39     0.00    0  0.00  14  3 83  2.21 3.38 4.98
  475.80   99 45.79     0.00    0  0.00  14  2 83  2.11 3.34 4.95
  152.61  112 16.67     0.00    0  0.00  22  5 73  2.11 3.34 4.95
   83.87  856 70.13     0.00    0  0.00  26  5 69  2.11 3.34 4.95
  137.11  373 49.92     0.00    0  0.00  19  5 76  2.11 3.34 4.95
   70.56  975 67.16     0.00    0  0.00  22  5 73  2.11 3.34 4.95
  355.61   93 32.18     0.00    0  0.00  19  5 76  2.03 3.30 4.93
   29.88 1884 54.97     0.00    0  0.00  33 11 56  2.03 3.30 4.93
   57.81 2676 151.08     0.00    0  0.00  52 11 37  2.03 3.30 4.93
   45.80 3088 138.12     0.00    0  0.00  61 14 25  2.03 3.30 4.93
   63.94  817 51.01     0.00    0  0.00  45  9 46  2.03 3.30 4.93
              disk0               disk4       cpu    load average
    KB/t  tps  MB/s     KB/t  tps  MB/s  us sy id   1m   5m   15m
  147.37  139 19.93     0.00    0  0.00  20  4 76  2.18 3.31 4.92
   83.39 1134 92.36     0.00    0  0.00  20  4 76  2.18 3.31 4.92
  348.55   95 32.25     0.00    0  0.00  20  3 78  2.18 3.31 4.92
  455.11   36 15.92     0.00    0  0.00  15  2 83  2.18 3.31 4.92
  403.01   85 33.32     0.00    0  0.00  16  4 80  2.18 3.31 4.92
   74.13  305 22.10     0.00    0  0.00  15  2 83  2.17 3.29 4.91
  208.24  181 36.81     0.00    0  0.00  14  2 84  2.17 3.29 4.91
  443.24   74 31.89     0.00    0  0.00  15  2 83  2.17 3.29 4.91
   69.22 2080 140.63     0.00    0  0.00  30  7 63  2.17 3.29 4.91
   79.59 1668 129.62     0.00    0  0.00  22  8 71  2.17 3.29 4.91
   82.08  270 21.61     0.00    0  0.00  23  6 70  2.15 3.26 4.89
  111.80  395 43.10     0.00    0  0.00  21  5 74  2.15 3.26 4.89
  117.34  146 16.69     0.00    0  0.00  15  2 83  2.15 3.26 4.89
  469.03   70 31.91     0.00    0  0.00  17  3 80  2.15 3.26 4.89
  370.07   58 20.90     0.00    0  0.00  18  4 78  2.15 3.26 4.89
  426.75   77 31.93     0.00    0  0.00  14  1 84  2.06 3.23 4.87
  418.64  118 48.13     0.00    0  0.00  14  1 85  2.06 3.23 4.87
  468.69   35 15.95     0.00    0  0.00  14  1 85  2.06 3.23 4.87
  133.81  255 33.35     0.00    0  0.00  14  1 85  2.06 3.23 4.87
  410.20   80 32.00     0.00    0  0.00  14  1 85  2.06 3.23 4.87
              disk0               disk4       cpu    load average
    KB/t  tps  MB/s     KB/t  tps  MB/s  us sy id   1m   5m   15m
  362.46   91 32.13     0.00    0  0.00  21  5 73  2.22 3.24 4.86
  443.89   37 15.96     0.00    0  0.00  14  1 84  2.22 3.24 4.86
  461.52   71 31.92     0.00    0  0.00  13  1 86  2.22 3.24 4.86
  220.88  150 32.31     0.00    0  0.00  13  2 85  2.22 3.24 4.86
  124.99  170 20.71     0.00    0  0.00  21  5 74  2.22 3.24 4.86
  279.93  164 44.81     0.00    0  0.00  25  6 69  2.12 3.20 4.84
   89.47  211 18.43     0.00    0  0.00  26  5 69  2.12 3.20 4.84
  437.33   75 32.00     0.00    0  0.00  19  1 79  2.12 3.20 4.84
  267.94  129 33.87     0.00    0  0.00  18  2 80  2.12 3.20 4.84
  411.00   40 15.98     0.00    0  0.00  14  1 85  2.12 3.20 4.84
  381.01   87 32.35     0.00    0  0.00  14  1 85  2.03 3.17 4.81
  378.85   87 32.15     0.00    0  0.00  14  2 85  2.03 3.17 4.81
  360.74   43 15.12     0.00    0  0.00  13  1 85  2.03 3.17 4.81
  367.85  107 38.38     0.00    0  0.00  14  1 85  2.03 3.17 4.81
  431.58   76 31.91     0.00    0  0.00  14  2 84  2.03 3.17 4.81
  417.52   79 32.11     0.00    0  0.00  14  1 85  2.11 3.16 4.80
  108.67  155 16.48     0.00    0  0.00  13  1 86  2.11 3.16 4.80
  328.38   96 30.72     0.00    0  0.00  14  1 85  2.11 3.16 4.80
  115.89   75  8.46     0.00    0  0.00  12  4 84  2.11 3.16 4.80
   17.85  611 10.65     0.00    0  0.00  10  6 84  2.11 3.16 4.80
              disk0               disk4       cpu    load average
    KB/t  tps  MB/s     KB/t  tps  MB/s  us sy id   1m   5m   15m
  147.30   86 12.34     0.00    0  0.00   9  6 85  2.02 3.13 4.78
   45.30  269 11.90     0.00    0  0.00   9  6 85  2.02 3.13 4.78
