---------NEW-TRIAL----------
              disk0               disk4       cpu    load average
    KB/t  tps  MB/s     KB/t  tps  MB/s  us sy id   1m   5m   15m
   16.94  348  5.75     8.60    0  0.00  15  5 79  2.64 3.58 3.88
    6.00  816  4.79     0.00    0  0.00  18  5 77  2.64 3.58 3.88
    6.79   63  0.42     0.00    0  0.00  18  4 78  2.64 3.58 3.88
   31.80  895 27.78     0.00    0  0.00  23  4 73  2.64 3.58 3.88
   43.95  974 41.82     0.00    0  0.00  35  7 59  2.83 3.61 3.88
   33.80 1488 49.11     0.00    0  0.00  56  8 37  2.83 3.61 3.88
   40.53 2933 116.09     0.00    0  0.00  51  6 43  2.83 3.61 3.88
   48.14 1350 63.48     0.00    0  0.00  54  4 42  2.83 3.61 3.88
   49.59 1275 61.73     0.00    0  0.00  48  4 48  2.83 3.61 3.88
   53.65 1078 56.45     0.00    0  0.00  52  4 45  3.00 3.63 3.89
   53.27 1742 90.61     0.00    0  0.00  52  4 43  3.00 3.63 3.89
   36.58 2693 96.18     0.00    0  0.00  51  7 43  3.00 3.63 3.89
   57.33  916 51.30     0.00    0  0.00  54  7 39  3.00 3.63 3.89
   97.11  914 86.65     0.00    0  0.00  54  7 40  3.00 3.63 3.89
   29.80 2462 71.63     0.00    0  0.00  52  5 43  3.24 3.67 3.90
   95.01  691 64.15     0.00    0  0.00  52  6 42  3.24 3.67 3.90
   46.11 1237 55.72     0.00    0  0.00  48  6 46  3.24 3.67 3.90
   38.22 1620 60.48     0.00    0  0.00  54  8 39  3.24 3.67 3.90
   24.03 2637 61.89     0.00    0  0.00  54  6 40  3.24 3.67 3.90
  135.47  346 45.83     0.00    0  0.00  59  7 34  3.62 3.74 3.93
              disk0               disk4       cpu    load average
    KB/t  tps  MB/s     KB/t  tps  MB/s  us sy id   1m   5m   15m
   28.23 2255 62.16     0.00    0  0.00  52  6 42  3.62 3.74 3.93
   26.51 2231 57.75     0.00    0  0.00  46  5 48  3.62 3.74 3.93
   59.04 2562 147.71     0.00    0  0.00  51  5 44  3.62 3.74 3.93
   53.89 1088 57.27     0.00    0  0.00  50  5 45  3.62 3.74 3.93
   30.79 2023 60.81     0.00    0  0.00  57  6 37  3.81 3.78 3.94
   50.32 1120 55.05     0.00    0  0.00  44  5 50  3.81 3.78 3.94
   41.62 3147 127.92     0.00    0  0.00  54  9 37  3.81 3.78 3.94
   83.41  476 38.79     0.00    0  0.00  55  6 39  3.81 3.78 3.94
   23.48 2624 60.15     0.00    0  0.00  55  7 38  3.81 3.78 3.94
   53.48 1472 76.90     0.00    0  0.00  48  4 48  3.75 3.76 3.93
   51.96 1222 62.00     0.00    0  0.00  51  4 45  3.75 3.76 3.93
   26.11 2661 67.85     0.00    0  0.00  51  3 46  3.75 3.76 3.93
   36.20 1864 65.90     0.00    0  0.00  54  4 43  3.75 3.76 3.93
   29.25 2419 69.12     0.00    0  0.00  49  3 48  3.75 3.76 3.93
   41.25 1384 55.76     0.00    0  0.00  46  4 49  3.85 3.78 3.94
   29.89 2252 65.73     0.00    0  0.00  56  6 38  3.85 3.78 3.94
   50.50 7327 361.32     0.00    0  0.00  56 10 35  3.85 3.78 3.94
  106.81  491 51.17     0.00    0  0.00  53  6 41  3.85 3.78 3.94
   42.77 1404 58.65     0.00    0  0.00  47  6 47  3.85 3.78 3.94
   29.76 1837 53.39     0.00    0  0.00  52  6 42  4.18 3.85 3.96
              disk0               disk4       cpu    load average
    KB/t  tps  MB/s     KB/t  tps  MB/s  us sy id   1m   5m   15m
   33.03 2009 64.79     0.00    0  0.00  48  6 46  4.18 3.85 3.96
   31.95 4165 129.96     0.00    0  0.00  50  8 42  4.18 3.85 3.96
   45.37 1133 50.22     0.00    0  0.00  53  7 40  4.18 3.85 3.96
   17.82 3013 52.43     0.00    0  0.00  49  7 44  4.16 3.86 3.96
   56.45  849 46.80     0.00    0  0.00  49  6 45  4.16 3.86 3.96
   27.75 2542 68.91     0.00    0  0.00  54  4 42  4.16 3.86 3.96
   38.07 1508 56.08     0.00    0  0.00  47  4 49  4.16 3.86 3.96
   69.70 1074 73.13     0.00    0  0.00  46  3 51  4.16 3.86 3.96
   27.53 2180 58.60     0.00    0  0.00  39  4 57  4.15 3.86 3.96
   42.74 6923 288.93     0.00    0  0.00  40  9 52  4.15 3.86 3.96
   10.51 8765 89.98     0.00    0  0.00  37  8 55  4.15 3.86 3.96
   39.85 4815 187.38     0.00    0  0.00  47  7 46  4.15 3.86 3.96
   36.62 1771 63.33     0.00    0  0.00  37  4 59  4.15 3.86 3.96
   35.63 2430 84.53     0.00    0  0.00  44  4 52  4.14 3.86 3.96
   22.46 4262 93.47     0.00    0  0.00  50  6 44  4.14 3.86 3.96
   20.11 7079 139.00     0.00    0  0.00  45 10 45  4.14 3.86 3.96
   12.97 6835 86.59     0.00    0  0.00  50 11 38  4.14 3.86 3.96
   28.56 3917 109.24     0.00    0  0.00  54 10 36  4.14 3.86 3.96
   25.56 8430 210.45     0.00    0  0.00  52  8 40  4.21 3.88 3.97
   27.48 9559 256.56     0.00    0  0.00  53  8 38  4.21 3.88 3.97
              disk0               disk4       cpu    load average
    KB/t  tps  MB/s     KB/t  tps  MB/s  us sy id   1m   5m   15m
   20.38 5507 109.59     0.00    0  0.00  50  9 41  4.21 3.88 3.97
   34.61 2289 77.37     0.00    0  0.00  49  5 46  4.21 3.88 3.97
   36.70 2202 78.91     0.00    0  0.00  48  4 48  4.21 3.88 3.97
   54.21 1245 65.93     0.00    0  0.00  54  6 40  4.19 3.88 3.97
   62.49 1429 87.22     0.00    0  0.00  54  5 41  4.19 3.88 3.97
   27.10 3253 86.08     0.00    0  0.00  51  5 44  4.19 3.88 3.97
   68.76 4342 291.55     0.00    0  0.00  53  6 41  4.19 3.88 3.97
   72.19 1050 74.05     0.00    0  0.00  54 10 37  4.19 3.88 3.97
   38.96 1866 71.01     0.00    0  0.00  52  6 42  4.26 3.90 3.97
   47.39 1873 86.68     0.00    0  0.00  53  6 42  4.26 3.90 3.97
   34.21 1872 62.54     0.00    0  0.00  54  6 40  4.26 3.90 3.97
   21.27 3641 75.63     0.00    0  0.00  61  9 31  4.26 3.90 3.97
   22.53 3425 75.37     0.00    0  0.00  56  8 36  4.26 3.90 3.97
   24.38 3412 81.24     0.00    0  0.00  54  5 41  4.64 3.98 4.00
   26.58 2493 64.71     0.00    0  0.00  58  4 38  4.64 3.98 4.00
   32.74 2564 81.96     0.00    0  0.00  58  6 36  4.64 3.98 4.00
   30.78 2557 76.84     0.00    0  0.00  58  5 37  4.64 3.98 4.00
  191.42  341 63.79     0.00    0  0.00  49  7 44  4.64 3.98 4.00
   14.84 9412 136.40     0.00    0  0.00  43  8 49  4.58 3.98 4.00
   40.01 1866 72.92     0.00    0  0.00  46  4 50  4.58 3.98 4.00
              disk0               disk4       cpu    load average
    KB/t  tps  MB/s     KB/t  tps  MB/s  us sy id   1m   5m   15m
   47.97 4548 213.06     0.00    0  0.00  39 11 51  4.58 3.98 4.00
   12.34 3737 45.03     0.00    0  0.00  39 15 46  4.58 3.98 4.00
   54.12 2875 151.94     0.00    0  0.00  51  5 45  4.58 3.98 4.00
   64.62 2574 162.43     0.00    0  0.00  46  6 48  4.70 4.02 4.01
   77.45 1686 127.48     0.00    0  0.00  52 10 38  4.70 4.02 4.01
   58.25 4477 254.65     0.00    0  0.00  56 10 35  4.70 4.02 4.01
   70.22 4363 299.18     0.00    0  0.00  50 12 38  4.70 4.02 4.01
   58.55 2836 162.13     0.00    0  0.00  54  6 39  4.70 4.02 4.01
   43.83 3660 156.67     0.00    0  0.00  46  6 48  4.72 4.03 4.02
   40.23 2873 112.87     0.00    0  0.00  52  5 43  4.72 4.03 4.02
   53.52 2459 128.52     0.00    0  0.00  54  3 42  4.72 4.03 4.02
   18.74 5289 96.79     0.00    0  0.00  49  6 46  4.72 4.03 4.02
   19.61 5724 109.62     0.00    0  0.00  35 20 45  4.72 4.03 4.02
   23.00 2765 62.11     0.00    0  0.00  38  4 58  4.82 4.06 4.03
   37.82 2070 76.46     0.00    0  0.00  40 10 51  4.82 4.06 4.03
   12.84 4190 52.54     0.00    0  0.00  39 14 47  4.82 4.06 4.03
   30.75 3460 103.90     0.00    0  0.00  52  7 41  4.82 4.06 4.03
   40.24 2151 84.53     0.00    0  0.00  49  5 45  4.82 4.06 4.03
   30.80 1796 54.03     0.00    0  0.00  45  4 51  4.92 4.10 4.04
   36.24 1836 64.99     0.00    0  0.00  51  3 46  4.92 4.10 4.04
              disk0               disk4       cpu    load average
    KB/t  tps  MB/s     KB/t  tps  MB/s  us sy id   1m   5m   15m
   87.22  668 56.88     0.00    0  0.00  50  3 47  4.92 4.10 4.04
   29.75 2216 64.40     0.00    0  0.00  48  4 48  4.92 4.10 4.04
   39.68 3202 124.08     0.00    0  0.00  51  4 45  4.92 4.10 4.04
   47.62 1861 86.55     0.00    0  0.00  46  4 50  4.92 4.11 4.05
   27.31 2823 75.28     0.00    0  0.00  48  3 49  4.92 4.11 4.05
   81.94  881 70.50     0.00    0  0.00  56  3 40  4.92 4.11 4.05
   34.34 1850 62.04     0.00    0  0.00  54  3 42  4.92 4.11 4.05
   46.73 1307 59.65     0.00    0  0.00  47  5 48  4.92 4.11 4.05
   42.80 1193 49.85     0.00    0  0.00  50  6 44  5.01 4.14 4.06
   31.67 2851 88.19     0.00    0  0.00  53  5 42  5.01 4.14 4.06
   33.86 3001 99.22     0.00    0  0.00  51  4 45  5.01 4.14 4.06
   41.47 2376 96.24     0.00    0  0.00  52  7 41  5.01 4.14 4.06
   33.21 2034 65.98     0.00    0  0.00  49  3 48  5.01 4.14 4.06
   28.24 2339 64.48     0.00    0  0.00  46  4 50  5.01 4.16 4.06
   33.96 2085 69.17     0.00    0  0.00  53  4 43  5.01 4.16 4.06
   31.34 2246 68.74     0.00    0  0.00  56  7 38  5.01 4.16 4.06
   45.88 1328 59.47     0.00    0  0.00  55  7 38  5.01 4.16 4.06
   26.29 2413 61.95     0.00    0  0.00  46  5 49  5.01 4.16 4.06
   17.97 3540 62.12     0.00    0  0.00  45 10 44  5.09 4.19 4.07
   35.04 1987 67.99     0.00    0  0.00  48 10 42  5.09 4.19 4.07
              disk0               disk4       cpu    load average
    KB/t  tps  MB/s     KB/t  tps  MB/s  us sy id   1m   5m   15m
   35.08 2030 69.55     0.00    0  0.00  48 10 41  5.09 4.19 4.07
   18.94 3006 55.60     0.00    0  0.00  47 11 41  5.09 4.19 4.07
   20.13 3434 67.49     0.00    0  0.00  44  8 48  5.09 4.19 4.07
   34.43 5482 184.31     0.00    0  0.00  52 11 37  5.24 4.23 4.09
   26.91 8788 230.96     0.00    0  0.00  46 10 44  5.24 4.23 4.09
   49.01 2834 135.61     0.00    0  0.00  55  8 37  5.24 4.23 4.09
   49.17 5827 279.81     0.00    0  0.00  54  9 38  5.24 4.23 4.09
   26.21 2471 63.24     0.00    0  0.00  43  6 52  5.24 4.23 4.09
   30.51 6419 191.25     0.00    0  0.00  35 11 55  5.22 4.25 4.10
   17.29 3831 64.68     0.00    0  0.00  45  8 47  5.22 4.25 4.10
   35.82 3681 128.75     0.00    0  0.00  42 10 48  5.22 4.25 4.10
   85.12  514 42.71     0.00    0  0.00  56  9 35  5.22 4.25 4.10
   29.12 2402 68.31     0.00    0  0.00  50  6 44  5.22 4.25 4.10
   36.12 1821 64.24     0.00    0  0.00  56  7 37  5.36 4.29 4.11
   29.26 1978 56.52     0.00    0  0.00  46  8 46  5.36 4.29 4.11
   78.11  923 70.39     0.00    0  0.00  56  6 38  5.36 4.29 4.11
   56.62 1053 58.20     0.00    0  0.00  57  5 38  5.36 4.29 4.11
   30.08 2498 73.38     0.00    0  0.00  54  5 41  5.36 4.29 4.11
   40.67 1272 50.54     0.00    0  0.00  52  5 42  5.33 4.30 4.12
   40.67 1502 59.65     0.00    0  0.00  53  7 40  5.33 4.30 4.12
              disk0               disk4       cpu    load average
    KB/t  tps  MB/s     KB/t  tps  MB/s  us sy id   1m   5m   15m
   31.64 1818 56.19     0.00    0  0.00  50  5 45  5.33 4.30 4.12
   35.52 2307 80.03     0.00    0  0.00  52  5 43  5.33 4.30 4.12
  126.71  366 45.25     0.00    0  0.00  59  5 37  5.33 4.30 4.12
   42.66 1977 82.35     0.00    0  0.00  54  5 42  5.23 4.30 4.12
   26.70 2590 67.54     0.00    0  0.00  47  4 49  5.23 4.30 4.12
   22.85 2371 52.91     0.00    0  0.00  48  6 46  5.23 4.30 4.12
   38.69 1829 69.11     0.00    0  0.00  53  4 43  5.23 4.30 4.12
  100.74  439 43.21     0.00    0  0.00  55  4 41  5.23 4.30 4.12
   21.92 3963 84.85     0.00    0  0.00  53  4 43  5.45 4.36 4.14
   43.10 1544 65.01     0.00    0  0.00  44  4 52  5.45 4.36 4.14
   46.87 1052 48.17     0.00    0  0.00  48  5 47  5.45 4.36 4.14
   27.40 2495 66.77     0.00    0  0.00  51  4 44  5.45 4.36 4.14
   89.68  675 59.13     0.00    0  0.00  51  5 45  5.45 4.36 4.14
   30.80 2183 65.67     0.00    0  0.00  47  5 48  5.49 4.39 4.15
   43.04 1162 48.84     0.00    0  0.00  42  5 53  5.49 4.39 4.15
   30.81 2415 72.66     0.00    0  0.00  54  5 42  5.49 4.39 4.15
   35.11 6406 219.66     0.00    0  0.00  50  7 43  5.49 4.39 4.15
   20.34 2900 57.60     0.00    0  0.00  53  6 41  5.49 4.39 4.15
    6.65 7217 46.87     0.00    0  0.00  56  7 37  5.69 4.45 4.17
